Transient	Type	z	N_id	F090W	F115W	F150W	F200W	F277W	F356W	F444W	F090W_AB	F090W_ABerr	F115W_AB	F115W_ABerr	F150W_AB	F150W_ABerr	F200W_AB	F200W_ABerr	F277W_AB	F277W_ABerr	F356W_AB	F356W_ABerr	F444W_AB	F444W_ABerr	F090W_M	F115W_M	F150W_M	F200W_M	F277W_M	F356W_M	F444W_M	M_blue	M_IR	blue	ir	offset_arc	offset_kpc	r50_arc	r50_kpc	R_norm
AT2022aeis	II	1.771	203597.0	0.65	0.727	0.752	0.938	0.859	0.883	0.869	24.36	0.016	23.751	0.006	23.543	0.006	23.435	0.005	23.36	0.004	23.353	0.004	23.28	0.004	-20.22	-20.829	-21.038	-21.145	-21.221	-21.228	-21.301	-21.038	-21.221	0.752	0.859	0.084	0.728	0.208	1.802	0.404
AT2022aeiv	II	0.996	203278.0	0.76	0.795	0.648	0.648	0.548	0.563	0.550	21.188	0.002	20.898	0.002	20.613	0.002	20.306	0.002	20.079	0.002	19.96	0.002	20.19	0.001	-22.211	-22.5	-22.786	-23.092	-23.32	-23.439	-23.208	-22.211	-23.32	0.76	0.548	0.437	3.597	0.539	4.433	0.811
AT2022aeiw	II	0.665	199156.0	0.74	0.678	0.650	0.640	0.658	0.637	0.672	20.833	0.001	20.586	0.002	20.446	0.002	20.267	0.001	20.177	0.002	20.375	0.002	20.734	0.001	-21.688	-21.935	-22.075	-22.253	-22.344	-22.146	-21.786	-21.688	-22.344	0.74	0.658	0.432	3.115	0.635	4.574	0.681
AT2022aevh	II	4.82	129396.0	0.0	0.23	0.000	0.000	0.221	0.592	0.439	29.187	0.288	29.195	0.297	29.631	0.588	29.385	0.64	28.669	0.244	28.691	0.221	29.186	0.302	-17.199	-17.191	-16.755	-17.001	-17.717	-17.695	-17.2	-17.717	-17.2	0.221	0.439	0.049	0.321	0.091	0.595	0.539
AT2022aevj	Ibc	4.471	209839.0	0.0	0.0	0.384	0.001	0.089	0.125	0.101	27.178	0.034	26.901	0.03	26.807	0.03	26.432	0.02	25.839	0.016	25.959	0.014	26.084	0.012	-19.083	-19.36	-19.454	-19.829	-20.422	-20.302	-20.177	-20.422	-20.177	0.089	0.101	0.299	2.025	0.157	1.063	1.905
AT2022aevl	II	3.96	127777.0	0.632	0.14	0.000	0.143	0.152	0.309	0.62	28.898	0.197	28.835	0.173	28.801	0.153	28.698	0.168	28.181	0.058	28.654	0.092	28.377	0.081	-17.159	-17.221	-17.256	-17.359	-17.875	-17.402	-17.679	-17.875	-17.679	0.152	0.62	0.085	0.608	0.105	0.75	0.811
AT2022aevn	Ibc	3.58	280649.0	0.193	0.181	0.002	0.714	0.765	0.907	0.747	27.122	0.069	27.229	0.095	27.316	0.104	26.911	0.099	26.973	0.056	27.15	0.072	27.258	0.069	-18.761	-18.654	-18.567	-18.971	-18.91	-18.733	-18.625	-18.91	-18.625	0.765	0.747	0.119	0.881	0.106	0.787	1.119
AT2022aevp	Ibc	2.79	203861.0	0.814	0.948	0.957	0.760	0.617	0.381	0.427	26.048	0.104	25.203	0.037	24.252	0.018	23.742	0.01	23.267	0.007	22.997	0.007	22.72	0.004	-19.393	-20.237	-21.188	-21.698	-22.173	-22.443	-22.72	-21.698	-22.443	0.76	0.381	0.611	4.919	0.356	2.865	1.717
AT2022aevq	II	2.73	201806.0	0.0	0.055	0.000	0.078	0.452	0.137	0.267	28.1	0.064	28.053	0.058	27.574	0.045	27.307	0.032	27.235	0.022	27.3	0.023	27.364	0.029	-17.3	-17.348	-17.826	-18.094	-18.166	-18.101	-18.037	-18.094	-18.101	0.078	0.137	0.062	0.5	0.105	0.85	0.588
AT2022aevr	Unclassified	2.62	111073	-	-	-	0.566	0.0	0.242	-	31.483	0.982	30.34	0.335	29.872	0.235	30.133	0.196	29.601	0.124	29.564	0.134	0.566	0.242	-	-13.842	-14.495	-15.453	-15.192	-15.724	-15.761	-15.453	-15.724	0.566	0.242	0.061	0.497	0.097	0.793	0.627
AT2022aevs	Ibc	2.617	202086.0	0.322	0.557	0.667	0.593	0.653	0.613	0.546	23.848	0.03	23.578	0.015	22.941	0.007	22.705	0.009	22.554	0.007	22.322	0.004	22.199	0.004	-21.476	-21.745	-22.382	-22.618	-22.77	-23.002	-23.124	-22.618	-23.002	0.593	0.613	0.23	1.883	0.43	3.517	0.535
AT2022aevt	II	2.617	202378.0	0.0	0.0	0.197	0.179	0.235	0.24	0.208	25.467	0.035	25.28	0.018	24.826	0.013	24.682	0.013	24.69	0.01	24.502	0.009	24.446	0.006	-19.857	-20.043	-20.497	-20.641	-20.633	-20.822	-20.877	-20.641	-20.822	0.179	0.24	0.469	3.838	0.296	2.421	1.585
AT2022aevu	II	2.56	...	0.400	0.360	0.320	0.530	0.930	0.470	0.590	26.89	0.0	26.817	0.0	26.503	0.0	26.437	0.0	26.185	0.0	26.254	0.0	26.288	0.0	-18.393	-18.466	-18.78	-18.846	-19.098	-19.029	-18.995	-18.846	-19.029	0.53	0.47	0.163	1.341			
AT2022aevv	Unclassified	2.48	422027.0	0.030	0.250	0.070	0.340	0.360	0.160	0.420	27.858	0.107	27.29	0.071	26.996	0.062	26.948	0.043	26.964	0.051	27.03	0.051	27.052	0.053	-17.367	-17.934	-18.228	-18.276	-18.26	-18.194	-18.172	-18.228	-18.194	0.07	0.16	0.074	0.616			
AT2022aevx	II	2.315	217137.0	0.774	0.797	0.848	0.841	0.851	0.799	0.832	26.209	0.061	25.442	0.028	24.592	0.014	24.027	0.009	23.607	0.007	23.254	0.004	22.928	0.003	-18.886	-19.654	-20.504	-21.069	-21.488	-21.842	-22.167	-20.504	-21.842	0.848	0.799	0.259	2.173	0.271	2.275	0.955
AT2022aevy	II	2.29	206641.0	0.0	0.0	0.000	0.000	0.000	0.0	0.000	28.284	0.288	28.159	0.251	27.469	0.114	27.261	0.093	27.335	0.071	27.415	0.075	27.189	0.063	-16.792	-16.916	-17.606	-17.814	-17.74	-17.661	-17.887	-17.606	-17.661	0.0	0.0	0.372	3.13	0.244	2.052	1.525
AT2022aevz	II	2.02	286357	0.0	0.047	-	-	-	-	-	29.702	0.306	30.001	0.286	29.429	0.174	29.238	0.17	29.102	0.116	28.887	0.099	29.305	0.162	-15.135	-14.835	-15.408	-15.598	-15.735	-15.95	-15.531	-15.408	-15.95	0.0	0.047	0.049	0.418	0.121	1.037	0.403
AT2022aewa	II	2.01	85705.0	0.31	0.23	0.169	0.183	0.148	0.207	0.163	26.721	0.039	26.19	0.024	25.849	0.018	25.823	0.016	25.845	0.02	25.817	0.013	25.761	0.015	-18.106	-18.638	-18.978	-19.004	-18.982	-19.01	-19.067	-18.978	-19.01	0.169	0.207	0.339	2.904	0.198	1.698	1.71
AT2022aewb	II	2.0	105068.0	0.0	0.344	0.552	0.635	0.778	0.923	0.720	29.062	0.123	28.049	0.051	27.42	0.034	26.966	0.02	27.107	0.015	27.051	0.015	27.188	0.016	-15.755	-16.769	-17.397	-17.851	-17.71	-17.767	-17.629	-17.397	-17.767	0.552	0.923	0.019	0.161	0.181	1.553	0.104
AT2022aewd	II	1.766	203195.0	0.173	0.159	0.187	0.191	0.218	0.175	0.218	23.421	0.018	22.973	0.015	22.825	0.016	22.783	0.016	22.81	0.02	22.787	0.018	22.727	0.01	-21.154	-21.602	-21.751	-21.792	-21.766	-21.789	-21.849	-21.751	-21.766	0.187	0.218	0.445	3.861	0.218	1.889	2.044
AT2022aewe	II	1.62	216898.0	0.598	0.779	0.814	0.818	0.848	0.838	0.885	26.024	0.041	25.257	0.019	25.118	0.022	25.014	0.016	24.903	0.011	24.915	0.013	24.842	0.009	-18.38	-19.147	-19.286	-19.391	-19.501	-19.489	-19.562	-19.286	-19.501	0.814	0.848	0.07	0.612	0.225	1.955	0.313
AT2022aewf	II	1.567	193831.0	0.58	0.721	0.546	0.731	0.611	0.71	0.591	23.954	0.012	23.261	0.01	23.006	0.005	22.674	0.004	22.266	0.003	22.051	0.003	21.875	0.003	-20.383	-21.076	-21.332	-21.664	-22.072	-22.287	-22.463	-21.332	-22.072	0.546	0.611	0.328	2.852	0.311	2.702	1.056
AT2022aewg	II	1.42	109974.0	0.781	0.817	0.864	0.746	0.940	0.731	0.912	26.534	0.032	26.093	0.021	26.145	0.017	26.178	0.02	26.12	0.018	26.257	0.02	26.168	0.017	-17.605	-18.045	-17.993	-17.961	-18.019	-17.882	-17.97	-18.045	-18.019	0.817	0.94	0.11	0.95	0.165	1.429	0.665
AT2022aewh	II	1.415	205746.0	0.608	0.678	0.453	0.423	0.551	0.501	0.531	25.343	0.036	24.919	0.022	24.935	0.021	24.996	0.018	24.948	0.017	25.003	0.014	25.007	0.018	-18.788	-19.213	-19.197	-19.136	-19.184	-19.129	-19.124	-19.213	-19.184	0.678	0.551	0.495	4.287	0.288	2.494	1.719
AT2022aewi	Ibc	1.36	203217.0	0.38	0.266	0.374	0.423	0.490	0.162	0.475	26.179	0.07	25.762	0.048	25.647	0.058	25.655	0.031	25.586	0.047	25.621	0.048	25.663	0.032	-17.871	-18.289	-18.404	-18.395	-18.465	-18.43	-18.388	-18.289	-18.465	0.266	0.49	0.363	3.134	0.219	1.891	1.657
AT2022aewj	II	1.294	211770.0	0.143	0.173	0.123	0.124	0.111	0.106	0.139	22.708	0.005	22.188	0.005	21.848	0.003	21.662	0.003	21.281	0.003	21.174	0.003	21.159	0.002	-21.241	-21.76	-22.101	-22.286	-22.667	-22.774	-22.79	-21.76	-22.667	0.173	0.111	0.974	8.374	0.375	3.224	2.597
AT2022aewk	II	1.244	199527.0	0.863	0.782	0.694	0.673	0.647	0.62	0.603	22.967	0.002	22.503	0.002	22.117	0.002	21.906	0.002	21.583	0.002	21.392	0.001	21.369	0.001	-20.899	-21.364	-21.75	-21.961	-22.284	-22.475	-22.498	-21.364	-22.284	0.782	0.647	0.258	2.211	0.215	1.84	1.202
AT2022aewl	II	1.114	208546.0	0.026	0.0	0.000	0.000	0.008	0.02	0.03	22.26	0.007	21.915	0.004	21.667	0.004	21.532	0.004	21.356	0.002	21.309	0.003	21.471	0.002	-21.376	-21.721	-21.969	-22.104	-22.28	-22.327	-22.165	-21.721	-22.28	0.0	0.008	2.317	19.502	0.674	5.672	3.438
AT2022aewm	II	1.094	214806.0	0.566	0.62	0.587	0.532	0.479	0.476	0.446	21.903	0.006	21.465	0.006	21.083	0.004	20.809	0.003	20.493	0.003	20.404	0.003	20.557	0.001	-21.695	-22.133	-22.514	-22.788	-23.105	-23.194	-23.041	-22.133	-23.105	0.62	0.479	0.525	4.405	0.624	5.234	0.842
AT2022aewn	II	0.953	213336.0	0.384	0.343	0.306	0.356	0.343	0.339	0.307	19.92	0.001	19.475	0.001	19.14	0.001	18.919	0.001	19.013	0.001	19.537	0.002	19.701	0.0	-23.384	-23.83	-24.164	-24.386	-24.292	-23.767	-23.603	-23.384	-24.292	0.384	0.343	1.031	8.388	0.55	4.474	1.875
AT2022aewo	II	0.669	104035.0	0.543	0.579	0.581	0.624	0.739	0.715	0.658	22.771	0.005	22.648	0.004	22.621	0.003	22.553	0.003	22.544	0.002	22.775	0.004	23.127	0.003	-19.763	-19.886	-19.912	-19.981	-19.99	-19.759	-19.406	-19.763	-19.99	0.543	0.739	0.203	1.468	0.336	2.426	0.605
AT2022aewp	II	0.669	195998.0	0.62	0.599	0.599	0.569	0.498	0.473	0.420	23.168	0.008	22.717	0.006	22.563	0.005	22.435	0.005	22.408	0.003	22.414	0.003	22.417	0.002	-19.365	-19.817	-19.971	-20.098	-20.126	-20.12	-20.117	-19.365	-20.126	0.62	0.498	0.37	2.672	0.306	2.21	1.209
AT2022aewq	II	0.665	199156.0	0.12	0.089	0.123	0.090	0.111	0.104	0.102	20.833	0.001	20.586	0.002	20.446	0.002	20.267	0.001	20.177	0.002	20.375	0.002	20.734	0.001	-21.688	-21.935	-22.075	-22.253	-22.344	-22.146	-21.786	-21.688	-22.344	0.12	0.111	1.682	12.117	0.635	4.574	2.649
AT2022aewr	II	0.54	198750.0	0.024	0.04	0.022	0.045	0.070	0.049	0.059	20.968	0.003	20.661	0.002	20.385	0.002	20.185	0.002	20.074	0.002	20.4	0.002	20.668	0.001	-21.091	-21.397	-21.673	-21.873	-21.985	-21.658	-21.391	-21.091	-21.985	0.024	0.07	1.797	11.763	0.575	3.764	3.125
AT2022aewu	II	3.913	219050.0	0.764	0.669	0.717	0.806	0.878	0.819	0.90	24.739	0.032	24.581	0.025	24.402	0.018	23.758	0.011	23.501	0.008	23.417	0.007	23.455	0.008	-21.297	-21.455	-21.634	-22.278	-22.535	-22.619	-22.581	-22.535	-22.581	0.878	0.9	0.15	1.08	0.224	1.607	0.672
AT2022aewv	II	2.67	212759.0	0.663	0.691	0.546	0.30	0.28	0.31	0.25	27.731	0.068	27.468	0.046	27.292	0.044	26.831	0.036	27.384	0.038	27.239	0.033	27.314	0.039	-17.629	-17.892	-18.068	-18.529	-17.976	-18.121	-18.046	-18.529	-18.121	0.3	0.31	0.054	0.44	0.106	0.863	0.51
AT2023adss	Ibc	4.35	205579.0	0.721	0.736	0.969	0.892	1.000	0.922	0.955	26.746	0.04	26.577	0.032	26.507	0.03	26.128	0.021	25.488	0.009	25.737	0.009	25.953	0.018	-19.47	-19.639	-19.708	-20.087	-20.727	-20.479	-20.262	-20.727	-20.262	1.0	0.955	0.051	0.35	0.183	1.255	0.279
AT2023adst	II	4.117	197732.0	0.035	0.076	0.201	0.110	0.609	0.546	0.543	27.887	0.079	27.833	0.084	27.994	0.109	27.674	0.073	27.41	0.047	27.438	0.057	27.455	0.055	-18.236	-18.289	-18.128	-18.449	-18.712	-18.684	-18.667	-18.712	-18.667	0.609	0.543	0.04	0.283	0.176	1.236	0.229
AT2023adsu	Ibc	3.74	127158.0	0.0	0.0	0.737	0.0	0.650	0.038	0.132	33.503	42.459	30.971	5.234	31.709	10.644	29.383	1.057	29.643	0.673	29.02	0.421	29.406	334.306	-12.455	-14.987	-14.25	-16.575	-16.315	-16.939	-16.553	-16.315	-16.939	0.65	0.132	0.173	1.266	0.155	1.132	1.118
AT2023adsv	II	3.61	82314.0	0.005	0.199	0.380	0.202	0.251	0.46	0.613	28.063	0.084	27.95	0.066	27.549	0.048	27.12	0.034	26.927	0.031	27.129	0.033	27.102	0.023	-17.834	-17.947	-18.349	-18.778	-18.97	-18.768	-18.795	-18.97	-18.795	0.251	0.613	0.108	0.799	0.116	0.859	0.93
AT2023adsw	II	3.21	199353.0	0.0	0.0	0.000	0.000	0.038	0.193	0.027	27.985	0.227	28.055	0.164	27.855	0.13	27.289	0.06	27.123	0.055	27.216	0.053	27.201	0.051	-17.707	-17.637	-17.837	-18.403	-18.569	-18.476	-18.49	-18.403	-18.476	0.0	0.193	0.226	1.745	0.152	1.173	1.488
AT2023adsx	Ibc	3.09	211968.0	0.212	0.27	0.219	0.298	0.357	0.387	0.356	25.091	0.019	25.136	0.018	24.979	0.015	24.644	0.012	24.728	0.006	24.846	0.006	24.762	0.006	-20.533	-20.488	-20.645	-20.98	-20.896	-20.778	-20.862	-20.98	-20.778	0.298	0.387	0.439	3.432	0.194	1.516	2.264
AT2023adsz	II	2.86	199488.0	0.118	0.524	0.920	0.589	0.92	1.0	0.921	28.922	0.158	28.586	0.136	28.332	0.143	27.957	0.11	28.204	0.147	28.078	0.151	27.863	0.069	-16.563	-16.899	-17.153	-17.528	-17.281	-17.407	-17.622	-17.528	-17.407	0.589	1.0	0.019	0.152	0.191	1.527	0.1
AT2023adta	Ibc	2.845	198373.0	0.67	0.718	0.694	0.533	0.543	0.507	0.516	24.458	0.027	24.369	0.025	23.933	0.018	23.625	0.015	23.699	0.015	23.808	0.012	23.739	0.009	-21.018	-21.106	-21.543	-21.85	-21.776	-21.668	-21.736	-21.85	-21.668	0.533	0.507	0.244	1.95	0.314	2.513	0.776
AT2023adtb	II	2.78	213818.0	0.602	0.073	0.197	0.139	0.568	0.394	0.298	28.371	0.188	28.188	0.179	27.533	0.08	27.388	0.087	27.428	0.062	27.503	0.049	27.495	0.05	-17.063	-17.246	-17.901	-18.046	-18.006	-17.931	-17.939	-18.046	-17.931	0.139	0.394	0.169	1.357	0.175	1.41	0.962
AT2023adtc	Unclassified	2.77	91430.0	0.0	0.0	0.000	0.000	0.000	0.0	0.000	29.183	0.219	28.897	0.122	28.759	0.114	28.502	0.105	29.201	0.156	29.159	0.128	29.616	0.238	-16.244	-16.53	-16.669	-16.925	-16.226	-16.268	-15.811	-16.925	-16.268	0.0	0.0	0.237	1.914	0.105	0.847	2.26
AT2023adtd	Ibc	2.73	333638.0	0.035	0.555	0.784	0.654	0.7	0.78	0.27	28.785	0.0	29.515	0.0	28.278	0.0	28.568	0.0	29.779	0.0	30.023	0.0	30.009	0.0	-16.615	-15.885	-17.123	-16.833	-15.621	-15.378	-15.391	-16.833	-15.391	0.654	0.78	0.109	0.886			
AT2023adte	II	2.623	213100.0	0.121	0.186	0.323	0.343	0.367	0.488	0.581	24.956	0.013	24.899	0.017	24.358	0.01	24.205	0.01	24.288	0.01	24.251	0.005	24.211	0.005	-20.371	-20.429	-20.97	-21.122	-21.04	-21.077	-21.117	-21.122	-21.077	0.343	0.488	0.128	1.05	0.195	1.594	0.659
AT2023adtf	II	2.344	95007.0	0.0	0.01	0.183	0.034	0.004	0.264	0.136	29.109	0.499	28.305	0.209	27.991	0.156	27.951	0.166	27.947	0.107	28.035	0.144	28.029	0.088	-16.01	-16.814	-17.128	-17.168	-17.172	-17.084	-17.09	-17.128	-17.084	0.183	0.264	0.142	1.187	0.154	1.29	0.92
AT2023adtg	II	2.24	217127.0	0.534	0.606	0.430	0.531	0.699	0.693	0.806	26.021	0.037	25.645	0.021	25.095	0.015	25.094	0.022	25.083	0.017	25.082	0.016	25.061	0.014	-19.012	-19.389	-19.939	-19.94	-19.951	-19.952	-19.972	-19.939	-19.952	0.43	0.693	0.168	1.419	0.216	1.824	0.778
AT2023adth	II	2.06	207072.0	0.605	0.557	0.691	0.659	0.584	0.786	0.877	25.565	0.016	25.248	0.013	24.952	0.011	25.005	0.011	25.055	0.011	25.031	0.013	24.964	0.011	-19.309	-19.626	-19.923	-19.869	-19.819	-19.843	-19.91	-19.923	-19.843	0.691	0.786	0.157	1.343	0.18	1.539	0.873
AT2023adti	II	1.94	104790.0	0.826	0.094	0.498	0.305	0.236	0.132	0.135	28.376	0.1	27.647	0.05	27.308	0.044	27.162	0.032	27.235	0.022	27.274	0.025	27.389	0.024	-16.382	-17.111	-17.45	-17.597	-17.523	-17.485	-17.369	-17.45	-17.523	0.498	0.236	0.116	0.996	0.168	1.446	0.689
AT2023adtj	Ibc	1.932	218643.0	0.262	0.344	0.340	0.376	0.371	0.199	0.228	23.067	0.011	22.055	0.005	21.352	0.004	20.842	0.002	20.408	0.001	20.157	0.001	19.955	0.001	-21.684	-22.695	-23.399	-23.908	-24.343	-24.594	-24.796	-23.399	-24.343	0.34	0.371	0.991	8.528	0.502	4.322	1.973
AT2023adtk	Ibc	1.912	205311.0	0.733	0.668	0.679	0.630	0.622	0.523	0.573	23.474	0.01	22.793	0.004	22.476	0.003	22.204	0.003	22.083	0.002	21.928	0.002	21.844	0.001	-21.256	-21.938	-22.254	-22.527	-22.647	-22.803	-22.886	-22.254	-22.647	0.679	0.622	0.319	2.75	0.259	2.232	1.232
AT2023adtl	Ibc	1.86	214338.0	0.029	0.181	0.132	0.045	0.508	0.574	0.577	28.528	0.126	28.041	0.076	27.276	0.065	27.127	0.042	27.302	0.038	27.359	0.03	27.366	0.027	-16.148	-16.636	-17.401	-17.55	-17.375	-17.318	-17.311	-17.401	-17.375	0.132	0.508	0.057	0.497	0.138	1.192	0.417
AT2023adtn	II	1.748	214628.0	0.969	0.974	0.932	0.963	0.913	0.945	0.842	24.618	0.024	24.055	0.012	23.835	0.008	23.784	0.012	23.747	0.01	23.799	0.007	23.754	0.009	-19.937	-20.5	-20.72	-20.771	-20.809	-20.756	-20.801	-20.72	-20.809	0.932	0.913	0.303	2.631	0.304	2.636	0.998
AT2023adto	II	1.62	196414.0	0.039	0.112	0.187	0.160	0.305	0.391	0.337	24.661	0.012	24.127	0.01	24.043	0.007	23.925	0.008	23.784	0.006	23.737	0.004	23.667	0.004	-19.743	-20.277	-20.361	-20.479	-20.621	-20.667	-20.737	-20.361	-20.621	0.187	0.305	0.235	2.045	0.226	1.964	1.041
AT2023adtp	II	1.5	210861.0	0.0	0.0	0.000	0.000	0.001	0.015	0.010	24.107	0.009	23.026	0.004	22.568	0.003	22.212	0.002	21.845	0.001	21.681	0.001	21.546	0.001	-20.143	-21.224	-21.682	-22.038	-22.405	-22.569	-22.704	-21.682	-22.569	0.0	0.001	1.564	13.583	0.241	2.092	6.493
AT2023adtq	II	1.19	204024.0	0.0	0.061	0.043	0.060	0.405	0.372	0.264	25.667	0.048	25.191	0.032	25.02	0.031	24.909	0.039	24.846	0.05	24.818	0.036	24.985	0.013	-18.107	-18.583	-18.755	-18.865	-18.928	-18.956	-18.79	-18.583	-18.928	0.061	0.405	0.297	2.53	0.29	2.467	1.026
AT2023adtr	II	1.171	94908.0	0.316	0.456	0.435	0.577	0.509	0.773	0.746	25.16	0.01	24.835	0.01	24.62	0.006	24.525	0.008	24.438	0.005	24.364	0.005	24.483	0.004	-18.581	-18.906	-19.121	-19.215	-19.303	-19.377	-19.258	-18.906	-19.303	0.456	0.509	0.112	0.947	0.141	1.197	0.791
AT2023adts	Ibc	1.16	213475.0	0.305	0.646	0.899	0.597	1.0	0.882	1.0	27.725	0.053	27.301	0.034	27.095	0.028	27.097	0.031	26.958	0.018	26.927	0.018	27.166	0.024	-15.996	-16.42	-16.626	-16.624	-16.763	-16.794	-16.555	-16.42	-16.763	0.646	1.0	0.07	0.596	0.129	1.093	0.545
AT2023adtt	Ibc	1.139	191322	-	-	0.660	0.510	0.492	0.433	0.418	23.397	0.01	22.849	0.007	22.341	0.003	21.925	0.003	21.482	0.002	21.224	0.002	21.253	0.001	-20.285	-20.833	-21.342	-21.757	-22.201	-22.458	-22.43	-20.833	-22.201	0.66	0.492	0.616	5.2	0.251	2.121	2.452
AT2023adtu	II	1.01	-	0.000	0.000	0.000	0.000	0.000	0.000	0.000	31.347	0.0	31.224	0.0	31.5	0.0	30.756	0.0	0.0	0.0	0.0	0.0	0.0	0.0	-12.082	-12.204	-11.928	-12.672	0.0	0.0	0.0	-12.082	0.0	0.0	0.0	0.426	3.513			
AT2023adtv	II	0.665	199156.0	0.063	0.059	0.078	0.075	0.108	0.064	0.080	20.833	0.001	20.586	0.002	20.446	0.002	20.267	0.001	20.177	0.002	20.375	0.002	20.734	0.001	-21.688	-21.935	-22.075	-22.253	-22.344	-22.146	-21.786	-21.688	-22.344	0.063	0.108	1.171	8.434	0.635	4.574	1.844
AT2023adtw	II	0.657	209108.0	0.641	0.679	0.628	0.558	0.532	0.574	0.524	22.363	0.004	21.807	0.002	21.41	0.002	21.027	0.002	20.717	0.002	20.901	0.002	21.22	0.001	-20.131	-20.687	-21.084	-21.467	-21.776	-21.592	-21.273	-20.131	-21.776	0.641	0.532	0.242	1.736	0.288	2.064	0.841
AT2023adtx	Unclassified	0.533	215360.0	0.561	0.543	0.463	0.443	0.482	0.466	0.470	21.409	0.004	20.944	0.002	20.529	0.002	20.227	0.001	20.062	0.002	20.435	0.003	20.722	0.001	-20.62	-21.085	-21.5	-21.802	-21.967	-21.595	-21.307	-20.62	-21.967	0.561	0.482	0.622	4.045	0.388	2.523	1.603
AT2023adty	Unclassified	0.21	212911.0	0.857	0.73	0.69	0.81	0.862	0.846	0.825	21.169	0.001	20.916	0.001	20.83	0.001	20.972	0.001	21.503	0.001	21.722	0.001	22.022	0.001	-18.769	-19.022	-19.108	-18.966	-18.435	-18.216	-17.916	-18.769	-18.435	0.857	0.862	0.371	1.313	2.06	7.292	0.18
AT2023vnw	Unclassified	4.37	-	0.32	0.667	0.24	0.330	0.510	0.520	0.350	28.807	0.0	28.631	0.0	28.401	0.0	28.036	0.0	26.112	0.0	26.143	0.0	26.624	0.0	-17.416	-17.592	-17.822	-18.187	-20.11	-20.08	-19.599	-20.11	-19.599	0.52	0.0	0.038	0.26			
AT2023vnx	Unclassified	4.89	176246.0	0.0	0.0	0.0	0.0	0.0	0.0	0.0	25.575	0.017	25.403	0.017	25.347	0.012	25.074	0.009	24.265	0.004	24.42	0.003	24.668	0.005	-20.834	-21.007	-21.063	-21.335	-22.145	-21.989	-21.741	-22.145	-21.741	0.0	0.0	1.036	6.724	0.104	0.672	10.006
AT2023vny	Unclassified	2.31	185773.0	0.088	0.097	0.044	0.098	0.199	0.114	0.202	25.36	0.02	25.042	0.016	24.553	0.012	24.786	0.016	24.994	0.013	24.996	0.01	25.028	0.008	-19.732	-20.049	-20.539	-20.305	-20.098	-20.095	-20.064	-20.539	-20.095	0.044	0.114	0.631	5.303	0.156	1.306	4.06
AT2023vnz	Unclassified	0.6461	180833.0	0.104	0.099	0.083	0.076	0.086	0.087	0.079	21.171	0.005	20.588	0.002	20.128	0.001	19.713	0.001	19.402	0.001	19.614	0.001	19.986	0.0	-21.286	-21.869	-22.329	-22.744	-23.055	-22.843	-22.471	-21.286	-23.055	0.104	0.086	1.425	10.142	0.386	2.75	3.688
AT2023voa	Unclassified	3.95	60272.0	0.021	0.0	0.003	0.076	0.225	0.012	0.000	29.109	0.435	29.875	0.918	29.349	0.612	28.946	0.583	29.234	1.032	29.721	0.971	28.83	0.237	-16.943	-16.177	-16.703	-17.106	-16.818	-16.331	-17.223	-16.818	-17.223	0.225	0.0	0.063	0.447	0.138	0.983	0.455
AT2023vob	Unclassified	0.964	185044.0	0.223	0.233	0.238	0.269	0.238	0.268	0.263	21.833	0.001	21.193	0.001	20.78	0.001	20.403	0.001	20.096	0.0	20.076	0.0	20.329	0.0	-21.496	-22.136	-22.548	-22.926	-23.233	-23.253	-23.0	-21.496	-23.233	0.223	0.238	0.444	3.621	0.227	1.853	1.954
AT2023voc	Unclassified	1.52	171527	0.000	0.000	0.000	0.000	0.330	0.348	0.277	25.521	0.101	24.882	0.063	24.529	0.046	23.872	0.019	23.12	0.01	22.794	0.009	22.238	0.006	-18.756	-19.395	-19.748	-20.405	-21.157	-21.483	-22.039	-19.748	-21.157	0.0	0.33	1.336	11.602	0.732	6.362	1.824
AT2023adya	Unclassified	5.271	1026307.0	0.418	0.777	N/A	N/A	N/A	0.916	N/A	26.392	0.041	26.374	0.039	26.623	0.098	26.424	0.05	25.999	0.028	25.94	0.023	25.958	0.034	-20.141	-20.159	-19.909	-20.108	-20.534	-20.592	-20.574	-20.592	-20.574	0.777	0.916	0.012	0.077			
AT2023adyb	Unclassified	4.244	1064233.0	0.0	0.092	N/A	N/A	N/A	0.194	N/A	25.886	0.015	25.682	0.027	25.482	0.02	25.016	0.012	24.64	0.009	24.544	0.008	24.526	0.009	-20.288	-20.492	-20.691	-21.158	-21.533	-21.63	-21.647	-21.533	-21.647	0.092	0.194	0.328	2.272	0.181	1.256	1.809
AT2023adyc	Unclassified	3.36	1019260.0	0.127	0.493	N/A	N/A	N/A	0.376	N/A	26.038	0.051	26.16	0.052	25.755	0.057	25.063	0.011	25.387	0.034	25.801	0.032	25.661	0.03	-19.734	-19.612	-20.017	-20.709	-20.385	-19.971	-20.111	-20.709	-19.971	0.493	0.376	0.086	0.651	0.128	0.975	0.668
AT2023adyd	Unclassified	1.99	1024875.0	0.0	0.0	N/A	N/A	N/A	0.0	N/A	27.722	0.168	27.108	0.106	26.806	0.167	27.291	0.136	27.117	0.193	27.247	0.244	27.215	0.152	-17.086	-17.7	-18.002	-17.517	-17.69	-17.561	-17.593	-18.002	-17.69	0.0	0.0	0.425	3.651	0.191	1.639	2.228
AT2023adye	Unclassified	1.78	1031757.0	0.051	0.025	N/A	N/A	N/A	0.538	N/A	23.614	0.087	22.136	0.022	21.277	0.01	20.767	0.006	20.206	0.002	19.957	0.002	19.742	0.002	-20.977	-22.455	-23.314	-23.824	-24.385	-24.634	-24.849	-23.314	-24.385	0.025	0.538	0.262	2.272	0.346	2.995	0.759
AT2023adyf	Unclassified	1.54	1027394.0	0.258	0.194	N/A	N/A	N/A	0.493	N/A	24.987	0.056	24.377	0.03	24.452	0.043	24.425	0.038	24.31	0.019	24.326	0.022	24.298	0.023	-19.316	-19.926	-19.851	-19.878	-19.993	-19.977	-20.005	-19.851	-19.993	0.194	0.493	0.196	1.706	0.187	1.622	1.052
AT2023adyg	Unclassified	1.52	1026240.0	0.91	0.739	N/A	N/A	N/A	0.26	N/A	26.008	0.078	25.508	0.052	25.478	0.065	25.689	0.054	25.692	0.038	25.741	0.028	25.795	0.035	-18.269	-18.768	-18.799	-18.587	-18.585	-18.535	-18.481	-18.799	-18.585	0.739	0.26	0.196	1.699	0.133	1.158	1.467
AT2023adyh	Unclassified	1.41	1035292	-	0.0	-	-	-	0.497	-	28.517	0.513	28.341	0.329	27.32	0.21	27.528	0.081	27.373	0.094	27.407	0.147	27.43	0.123	-15.607	-15.783	-16.804	-16.596	-16.751	-16.717	-16.694	-15.783	-16.751	0.0	0.497	0.341	2.951	0.132	1.145	2.577
AT2023adyi	Unclassified	1.223	1073737.0	0.814	0.76	N/A	N/A	N/A	0.895	N/A	21.955	0.005	21.296	0.002	20.83	0.002	20.51	0.002	20.095	0.001	19.947	0.001	19.993	0.001	-21.877	-22.535	-23.001	-23.322	-23.736	-23.884	-23.839	-22.535	-23.736	0.76	0.895	0.098	0.838	0.376	3.214	0.261
AT2023adyj	Unclassified	1.16	1021699.0	0.43	0.279	N/A	N/A	N/A	0.737	N/A	27.021	0.058	26.98	0.059	26.453	0.056	26.816	0.023	26.733	0.041	26.824	0.035	26.858	9.178	-16.7	-16.741	-17.267	-16.905	-16.988	-16.897	-16.863	-16.741	-16.988	0.279	0.737	0.036	0.309	0.101	0.857	0.361
AT2023adyk	Unclassified	1.014	1027469.0	0.487	0.286	N/A	N/A	N/A	0.651	N/A	26.082	0.071	25.833	0.04	25.318	0.028	25.296	0.026	25.474	0.016	25.465	0.017	25.492	0.027	-17.355	-17.603	-18.119	-18.141	-17.963	-17.972	-17.944	-17.603	-17.963	0.286	0.651	3.133	0.69	0.385	3.178	0.217
AT2023adyl	Unclassified	0.98	1001123	0.000	0.000	N/A	N/A	N/A	0.000	N/A	26.338	0.255	26.273	0.33	26.097	0.309	26.609	0.397	26.301	0.17	26.227	0.152	26.233	0.181	-17.786	-17.851	-18.027	-17.515	-17.823	-17.897	-17.891	-17.786	-17.823	0.0	0.0	0.874	7.163	0.232	1.897	3.776
AT2023adym	Unclassified	0.96	1077199.0	0.069	0.014	N/A	N/A	N/A	0.2	N/A	22.455	0.004	21.941	0.004	21.557	0.003	21.155	0.002	20.8	0.001	20.73	0.001	20.961	0.001	-20.864	-21.379	-21.763	-22.165	-22.52	-22.59	-22.359	-20.864	-22.52	0.069	0.2	0.632	5.148	0.246	2.008	2.564
AT2023adyn	Unclassified	0.94	1080971.0	0.0	0.0	N/A	N/A	N/A	0.289	N/A	25.667	0.025	25.464	0.026	25.491	0.044	25.485	0.028	25.41	0.024	25.55	0.027	25.836	0.034	-17.608	-17.811	-17.784	-17.79	-17.865	-17.725	-17.439	-17.608	-17.865	0.0	0.289	0.67	5.431	0.229	1.86	2.92
AT2023adyo	Unclassified	0.903	1077460.0	0.196	0.15	N/A	N/A	N/A	0.3	N/A	20.634	0.001	20.094	0.001	19.833	0.001	19.449	0.001	19.131	0.001	19.1	0.001	19.363	0.001	-22.555	-23.094	-23.356	-23.739	-24.057	-24.088	-23.825	-22.555	-24.057	0.196	0.3	0.956	7.662	0.52	4.171	1.837
AT2023adyp	Unclassified	0.858	1030764.0	0.453	0.242	N/A	N/A	N/A	0.302	N/A	21.557	0.006	20.989	0.003	20.625	0.005	20.255	0.003	19.954	0.003	20.002	0.002	20.287	0.002	-21.521	-22.089	-22.453	-22.823	-23.124	-23.076	-22.791	-21.521	-23.124	0.453	0.302	0.763	6.024	0.567	4.476	1.346
AT2023adyq	Unclassified	0.846	1032991.0	0.133	0.032	N/A	N/A	N/A	0.203	N/A	21.723	0.006	21.303	0.006	21.049	0.004	20.792	0.004	20.555	0.004	20.637	0.003	20.958	0.004	-21.324	-21.744	-21.998	-22.256	-22.492	-22.411	-22.089	-21.324	-22.492	0.133	0.203	0.704	5.541	0.454	3.574	1.55
AT2023adyr	Unclassified	0.64	1034002.0	0.419	0.266	N/A	N/A	N/A	0.634	N/A	22.038	0.019	21.902	0.009	21.836	0.014	21.749	0.009	21.603	0.008	21.861	0.007	22.197	0.011	-20.398	-20.534	-20.6	-20.687	-20.833	-20.575	-20.239	-20.398	-20.833	0.419	0.634	0.335	2.372	0.535	3.793	0.625
AT2023adys	Unclassified	0.54	1027127.0	0.044	0.141	N/A	N/A	N/A	0.617	N/A	24.913	0.024	24.431	0.036	24.007	0.029	23.904	0.028	23.939	0.031	23.973	0.014	24.027	0.012	-17.145	-17.628	-18.052	-18.154	-18.12	-18.085	-18.031	-17.145	-18.12	0.044	0.617	0.239	1.561	0.315	2.064	0.756
AT2023adyt	Unclassified	0.534	1025282.0	0.316	0.263	N/A	N/A	N/A	0.247	N/A	20.783	0.005	20.484	0.004	20.232	0.004	20.044	0.003	19.958	0.002	20.296	0.003	20.55	0.002	-21.25	-21.55	-21.801	-21.989	-22.075	-21.737	-21.483	-21.25	-22.075	0.316	0.247	0.993	6.463	0.516	3.359	1.924
AT2023adyu	Unclassified	0.437	1032296.0	0.049	0.018	N/A	N/A	N/A	0.14	N/A	18.632	0.001	18.317	0.001	17.987	0.001	17.767	0.001	17.711	0.001	18.154	0.001	18.249	0.001	-22.953	-23.268	-23.597	-23.817	-23.874	-23.431	-23.336	-22.953	-23.874	0.049	0.14	2.66	15.53	1.138	6.647	2.336
AT2023jxw	Unclassified	0.555	1034622.0	0.678	0.594	N/A	N/A	N/A	0.501	N/A	20.795	0.004	20.355	0.003	20.023	0.003	19.759	0.003	19.562	0.002	19.902	0.002	20.18	0.002	-21.324	-21.764	-22.096	-22.36	-22.557	-22.217	-21.94	-21.324	-22.557	0.678	0.501	0.536	3.559	0.443	2.942	1.21
AT2023jxx	Unclassified	0.943	1035437.0	0.724	0.744	N/A	N/A	N/A	0.817	N/A	22.111	0.009	21.788	0.008	21.689	0.008	21.512	0.004	21.295	0.003	21.28	0.003	21.553	0.003	-21.17	-21.494	-21.592	-21.769	-21.987	-22.002	-21.728	-21.17	-21.987	0.724	0.817	0.169	1.368	0.327	2.657	0.515
AT2023jxy	Unclassified	0.577	1026837.0	0.227	0.193	N/A	N/A	N/A	0.242	N/A	22.069	0.004	21.691	0.003	21.483	0.003	21.28	0.002	21.113	0.002	21.396	0.001	21.636	0.001	-20.137	-20.515	-20.723	-20.926	-21.093	-20.81	-20.57	-20.137	-21.093	0.227	0.242	0.473	3.196	0.165	1.118	2.859
AT2023jyb	Unclassified	0.5945	1032157.0	0.466	0.528	N/A	N/A	N/A	0.512	N/A	22.096	0.009	21.773	0.008	21.589	0.006	21.432	0.003	21.265	0.003	21.614	0.003	21.935	0.004	-20.176	-20.5	-20.684	-20.84	-21.007	-20.659	-20.338	-20.176	-21.007	0.466	0.512	0.292	2.0	0.316	2.164	0.924
AT2023jyc	II	1.69	1024480.0	0.0	0.0	N/A	N/A	N/A	0.136	N/A	24.992	0.04	23.962	0.015	23.518	0.017	23.163	0.013	22.943	0.007	22.78	0.005	22.624	0.005	-19.497	-20.526	-20.971	-21.325	-21.546	-21.708	-21.864	-20.971	-21.546	0.0	0.136	1.111	9.645	0.194	1.681	5.738
AT2023jyd	II	2.8	1027468.0	0.852	0.908	N/A	N/A	N/A	0.952	N/A	25.611	0.1	25.249	0.051	24.697	0.034	24.783	0.038	24.905	0.02	24.899	0.02	24.863	0.032	-19.836	-20.198	-20.75	-20.663	-20.542	-20.547	-20.584	-20.663	-20.547	0.908	0.952	0.419	3.514			
AT2023jyf	Unclassified	2.04	1081256.0	0.0	0.0	N/A	N/A	N/A	0.024	N/A	25.706	0.017	25.123	0.012	24.71	0.011	24.759	0.008	24.749	0.007	24.731	0.007	24.69	0.007	-19.15	-19.733	-20.145	-20.096	-20.106	-20.125	-20.166	-20.145	-20.125	0.0	0.024	0.272	2.327			
AT2023jyg	Unclassified	1.69	1077095	0.000	0.000	N/A	N/A	N/A	0.327	N/A	28.109	0.218	27.146	0.167	27.309	0.137	27.162	0.106	27.133	0.094	27.026	0.072	26.998	0.077	-16.015	-16.978	-16.815	-16.962	-16.991	-17.098	-17.126	-16.815	-17.098	0.0	0.327	0.459	3.984	0.096	0.834	4.777
AT2023jyh	Unclassified	0.562	1079144.0	0.499	0.5	N/A	N/A	N/A	0.465	N/A	19.297	0.002	18.795	0.002	18.359	0.002	18.024	0.001	17.827	0.001	18.164	0.001	18.5	0.001	-22.85	-23.353	-23.788	-24.124	-24.321	-23.983	-23.647	-22.85	-24.321	0.499	0.465	1.128	7.533	0.817	5.455	1.381
AT2023jyj	Unclassified	1.047	1059154.0	0.723	0.466	N/A	N/A	N/A	0.808	N/A	25.961	0.066	25.572	0.029	25.352	0.026	25.296	0.023	25.31	0.026	25.374	0.019	25.537	0.028	-17.543	-17.933	-18.153	-18.209	-18.195	-18.13	-17.967	-17.933	-18.195	0.466	0.808	0.144	1.194	0.156	1.298	0.92
AT2023jyk	Unclassified	0.594	1078711.0	0.657	0.556	N/A	N/A	N/A	0.637	N/A	22.135	0.004	21.811	0.005	21.659	0.004	21.495	0.003	21.318	0.003	21.644	0.003	21.921	0.004	-20.135	-20.459	-20.612	-20.776	-20.952	-20.627	-20.35	-20.135	-20.952	0.657	0.637	0.272	1.866	0.265	1.814	1.029
AT2023jyl	Unclassified	1.355	1082642.0	0.39	0.48	N/A	N/A	N/A	0.481	N/A	22.622	0.015	22.346	0.017	22.225	0.017	22.323	0.011	22.096	0.01	22.091	0.011	22.036	0.012	-21.421	-21.697	-21.818	-21.72	-21.947	-21.952	-22.007	-21.697	-21.947	0.48	0.481	0.099	0.857			
AT2024vqb	Unclassified	3.37	1010815.0	0.663	0.618	0.693	0.729	0.660	0.659	0.632	26.884	0.075	26.895	0.037	26.713	0.038	26.037	0.014	26.282	0.029	26.278	0.013	26.132	5.553	-18.894	-18.882	-19.064	-19.74	-19.495	-19.499	-19.646	-19.74	-19.499	0.729	0.659	0.041	0.311	0.11	0.836	0.372
AT2024vqc	Unclassified	3.237	1073251.0	0.048	0.293	0.271	0.372	0.439	0.374	0.371	24.019	0.021	23.717	0.028	23.312	0.016	22.862	0.007	22.577	0.007	22.528	0.005	22.277	0.003	-21.688	-21.989	-22.395	-22.845	-23.129	-23.178	-23.429	-22.845	-23.178	0.372	0.374	0.441	3.39	0.254	1.958	1.731
AT2024vqd	Unclassified	2.77	1079559.0	0.287	0.692	0.445	0.086	0.262	0.486	0.496	26.637	0.064	26.531	0.108	25.842	0.077	25.575	0.039	25.5	0.033	25.555	0.025	25.455	0.022	-18.79	-18.896	-19.585	-19.852	-19.927	-19.872	-19.972	-19.852	-19.872	0.086	0.486	0.437	3.527	0.28	2.261	1.56
AT2024vqe	Unclassified	2.492	1030807.0	0.352	0.432	0.595	0.686	0.691	0.735	0.724	24.033	0.036	23.851	0.017	23.388	0.02	23.348	0.017	23.203	0.009	23.097	0.009	23.045	0.011	-21.2	-21.382	-21.845	-21.885	-22.03	-22.136	-22.188	-21.845	-22.136	0.595	0.735	0.147	1.215	0.428	3.544	0.343
AT2024vqf	Unclassified	2.492	1029463.0	0.717	0.839	0.780	0.894	0.963	0.759	1.0	24.499	0.041	24.388	0.021	24.206	0.029	24.332	0.022	24.4	0.03	24.211	0.019	24.268	0.015	-20.734	-20.845	-21.027	-20.901	-20.833	-21.022	-20.965	-21.027	-21.022	0.78	0.759	0.057	0.472	0.165	1.374	0.344
AT2024vqg	Unclassified	1.68	1014396.0	0.42	0.518	0.613	0.580	0.789	0.851	0.950	26.099	0.116	25.745	0.071	25.595	0.06	25.736	0.076	25.732	0.046	25.783	0.05	25.77	0.054	-18.378	-18.732	-18.882	-18.741	-18.745	-18.694	-18.707	-18.882	-18.745	0.613	0.789	0.083	0.725	0.153	1.328	0.546
AT2024vqh	Unclassified	1.58	1054795	-	0.198	0.044	0.019	0.046	0.630	1.0	27.887	0.149	27.693	0.181	28.679	0.448	28.0549	0.212	28.208	0.186	28.302	0.156	27.984	0.137	-16.467	-16.661	-15.676	-16.299	-16.147	-16.052	-16.37	-15.676	-16.299	0.044	0.046	0.441	3.39	0.114	0.989	3.428
AT2024vqi	Unclassified	1.245	1029365.0	0.958	0.946	0.902	0.855	0.842	0.914	0.835	22.171	0.009	21.49	0.006	20.987	0.004	20.622	0.003	20.137	0.002	19.962	0.002	19.954	0.002	-21.697	-22.378	-22.882	-23.246	-23.732	-23.907	-23.914	-22.378	-23.732	0.946	0.842	1471580900702749.0	1.26	0.383	3.275	0.385
AT2024vqj	Unclassified	1.21	1081661.0	0.0	0.092	0.193	0.103	0.232	0.121	0.118	26.024	0.058	25.731	0.046	25.705	0.032	25.788	0.04	25.7	0.035	25.763	0.029	25.829	0.039	-17.785	-18.078	-18.104	-18.021	-18.109	-18.046	-17.98	-18.078	-18.109	0.092	0.232	0.393	3.351	0.28	2.39	1.402
AT2024vqk	Unclassified	1.136	1026953.0	0.022	0.04	0.090	0.100	0.069	0.082	0.062	22.232	0.01	21.491	0.006	20.895	0.004	20.427	0.003	19.985	0.002	19.76	0.002	19.836	0.001	-21.445	-22.186	-22.782	-23.25	-23.692	-23.917	-23.842	-22.186	-23.692	0.04	0.069	1.525	12.877	0.473	3.993	3.225
AT2024vql	Unclassified	1.036	1033252.0	0.481	0.208	0.309	0.292	0.309	0.283	0.327	23.164	0.014	23.018	0.012	22.885	0.011	22.761	0.01	22.629	0.009	22.598	0.006	22.859	0.007	-20.319	-20.465	-20.597	-20.722	-20.853	-20.884	-20.624	-20.465	-20.853	0.208	0.309	0.498	4.135	0.407	3.376	1.225
AT2024vqm	Unclassified	1.01	1201144.0	0.082	0.165	0.228	0.181	0.24	0.33	0.19	23.176	0.014	22.993	0.016	22.944	0.016	22.741	0.015	22.47	0.013	22.51	0.014	22.695	0.012	-20.253	-20.436	-20.485	-20.688	-20.959	-20.919	-20.734	-20.436	-20.959	0.165	0.24	0.219	1.808			
AT2024vqn	Unclassified	0.858	1030764.0	0.467	0.632	0.661	0.624	0.623	0.61	0.619	21.557	0.006	20.989	0.003	20.625	0.005	20.255	0.003	19.954	0.003	20.002	0.002	20.287	0.002	-21.521	-22.089	-22.453	-22.823	-23.124	-23.076	-22.791	-21.521	-23.124	0.467	0.623	0.537	4.239	0.567	4.476	0.947
AT2024vqo	Unclassified	0.815	1025722.0	0.671	0.674	0.611	0.656	0.767	0.633	0.785	22.793	0.014	22.36	0.009	22.108	0.006	21.836	0.005	21.63	0.003	21.643	0.003	21.952	0.004	-20.173	-20.607	-20.859	-21.131	-21.336	-21.324	-21.014	-20.173	-21.336	0.671	0.767	0.127	0.989	0.181	1.408	0.702
AT2024vqp	Unclassified	0.746	1031070.0	0.272	0.265	0.270	0.276	0.372	0.339	0.320	22.438	0.011	22.136	0.006	21.963	0.009	21.825	0.004	21.62	0.003	21.793	0.004	22.121	0.004	-20.335	-20.637	-20.811	-20.949	-21.153	-20.98	-20.652	-20.335	-21.153	0.272	0.372	0.445	3.356	0.286	2.153	1.559
AT2024vqq	Unclassified	0.64	1030812.0	0.092	0.185	0.183	0.229	0.251	0.22	0.204	21.539	0.004	20.979	0.003	20.565	0.002	20.211	0.001	19.917	0.001	20.082	0.001	20.464	0.001	-20.897	-21.457	-21.871	-22.225	-22.519	-22.354	-21.972	-20.897	-22.519	0.092	0.251	0.685	4.858	0.246	1.743	2.787
AT2024vqr	Unclassified	0.6	1022040.0	0.521	0.652	0.773	0.606	0.531	0.678	0.809	23.702	0.028	23.435	0.031	23.416	0.045	23.22	0.017	23.157	0.038	23.396	0.022	23.654	3.4	-18.591	-18.858	-18.877	-19.073	-19.135	-18.897	-18.639	-18.591	-19.135	0.521	0.531	0.099	0.681	0.353	2.43	0.28
AT2024vqs	Unclassified	0.453	1076200.0	0.483	0.49	0.540	0.516	0.459	0.52	0.408	23.625	0.009	23.509	0.011	23.408	0.011	23.338	0.01	23.4	0.008	23.838	0.008	24.102	0.015	-18.04	-18.156	-18.257	-18.327	-18.265	-17.828	-17.563	-18.04	-18.265	0.483	0.459	0.424	2.526	0.377	2.246	1.125
