0.00229 0.00229 0.00229 0.00229 0.00229 0.00229 0.00229 0.00229 0.00229 0.00229 0.00229 0.00229 0.00229 0.00229 0.00229 0.00229 0.00229 0.00229 0.00229 0.00229 0.00229 0.00229 0.00229 0.00229 0.00229 0.00229 0.00229 0.00229 0.00229 0.00229 0.00229 0.00229 0.00229 0.00229 0.00229 0.00229 0.00229 0.00229 0.00229 0.00229 0.00229 0.00229 0.00229 0.00229 0.00229 0.00229 0.00229 0.00229 0.00229 0.00229 0.00229
0.00229 0.00229 0.00229 0.00229 0.00229 0.00229 0.00229 0.00229 0.00229 0.00229 0.00229 0.00229 0.00229 0.00229 0.00229 0.00229 0.00229 0.00229 0.00229 0.00229 0.00229 0.00229 0.00229 0.00229 0.00229 0.00229 0.00229 0.00229 0.00229 0.00229 0.00229 0.00229 0.00229 0.00229 0.00229 0.00229 0.00229 0.00229 0.00229 0.00229 0.00229 0.00229 0.00229 0.00229 0.00229 0.00229 0.00229 0.00229 0.00229 0.00229 0.00229
0.00229 0.00229 0.00229 0.00229 0.00229 0.00229 0.00229 0.00229 0.00229 0.00229 0.00229 0.00229 0.00229 0.00229 0.00229 0.00229 0.00229 0.00229 0.00229 0.00229 0.00229 0.00229 0.00229 0.00229 0.00229 0.00229 0.00229 0.00229 0.00229 0.00229 0.00229 0.00229 0.00229 0.00229 0.00229 0.00229 0.00229 0.00229 0.00229 0.00229 0.00229 0.00229 0.00229 0.00229 0.00229 0.00229 0.00229 0.00229 0.00229 0.00229 0.00229
0.00229 0.00229 0.00229 0.00229 0.00229 0.00229 0.00229 0.00229 0.00229 0.00229 0.00229 0.00229 0.00229 0.00229 0.00229 0.00229 0.00229 0.00229 0.00229 0.00229 0.00229 0.00229 0.00229 0.00229 0.00229 0.00229 0.00229 0.00229 0.00229 0.00229 0.00229 0.00229 0.00229 0.00229 0.00229 0.00229 0.00229 0.00229 0.00229 0.00229 0.00229 0.00229 0.00229 0.00229 0.00229 0.00229 0.00229 0.00229 0.00229 0.00229 0.00229
0.00229 0.00229 0.00229 0.00229 0.00229 0.00229 0.00229 0.00229 0.00229 0.00229 0.00229 0.00229 0.00229 0.00229 0.00229 0.00229 0.00229 0.00229 0.00229 0.00229 0.00229 0.00229 0.00229 0.00229 0.00229 0.00229 0.00229 0.00229 0.00229 0.00229 0.00229 0.00229 0.00229 0.00229 0.00229 0.00229 0.00229 0.00229 0.00229 0.00229 0.00229 0.00229 0.00229 0.00229 0.00229 0.00229 0.00229 0.00229 0.00229 0.00229 0.00229
0.00229 0.00229 0.00229 0.00229 0.00229 0.00229 0.00229 0.00229 0.00229 0.00229 0.00229 0.00229 0.00229 0.00229 0.00229 0.00229 0.00229 0.00229 0.00229 0.00229 0.00229 0.00229 0.00229 0.00229 0.00229 0.00229 0.00229 0.00229 0.00229 0.00229 0.00229 0.00229 0.00229 0.00229 0.00229 0.00229 0.00229 0.00229 0.00229 0.00229 0.00229 0.00229 0.00229 0.00229 0.00229 0.00229 0.00229 0.00229 0.00229 0.00229 0.00229
0.00229 0.00229 0.00229 0.00229 0.00229 0.00229 0.00229 0.00229 0.00229 0.00229 0.00229 0.00229 0.00229 0.00229 0.00229 0.00229 0.00229 0.00229 0.00229 0.00229 0.00229 0.00229 0.00229 0.00229 0.00229 0.00229 0.00229 0.00229 0.00229 0.00229 0.00229 0.00229 0.00229 0.00229 0.00229 0.00229 0.00229 0.00229 0.00229 0.00229 0.00229 0.00229 0.00229 0.00229 0.00229 0.00229 0.00229 0.00229 0.00229 0.00229 0.00229
0.00229 0.00229 0.00229 0.00229 0.00229 0.00229 0.00229 0.00229 0.00229 0.00229 0.00229 0.00229 0.00229 0.00229 0.00229 0.00229 0.00229 0.00229 0.00229 0.00229 0.00229 0.00229 0.00229 0.00229 0.00229 0.00229 0.00229 0.00229 0.00229 0.00229 0.00229 0.00229 0.00229 0.00229 0.00229 0.00229 0.00229 0.00229 0.00229 0.00229 0.00229 0.00229 0.00229 0.00229 0.00229 0.00229 0.00229 0.00229 0.00229 0.00229 0.00229
0.00229 0.00229 0.00229 0.00229 0.00229 0.00229 0.00229 0.00229 0.00229 0.00229 0.00229 0.00229 0.00229 0.00229 0.00229 0.00229 0.00229 0.00229 0.00229 0.00229 0.00229 0.00229 0.00229 0.00229 0.00229 0.00229 0.00229 0.00229 0.00229 0.00229 0.00229 0.00229 0.00229 0.00229 0.00229 0.00229 0.00229 0.00229 0.00229 0.00229 0.00229 0.00229 0.00229 0.00229 0.00229 0.00229 0.00229 0.00229 0.00229 0.00229 0.00229
0.00229 0.00229 0.00229 0.00229 0.00229 0.00229 0.00229 0.00229 0.00229 0.00229 0.00229 0.00229 0.00229 0.00229 0.00229 0.00229 0.00229 0.00229 0.00229 0.00229 0.00229 0.00229 0.00229 0.00229 0.00229 0.00229 0.00229 0.00229 0.00229 0.00229 0.00229 0.00229 0.00229 0.00229 0.00229 0.00229 0.00229 0.00229 0.00229 0.00229 0.00229 0.00229 0.00229 0.00229 0.00229 0.00229 0.00229 0.00229 0.00229 0.00229 0.00229
0.00229 0.00229 0.00229 0.00229 0.00229 0.00229 0.00229 0.00229 0.00229 0.00229 0.00229 0.00229 0.00229 0.00229 0.00229 0.00229 0.00229 0.00229 0.00229 0.00229 0.00229 0.00229 0.00229 0.00229 0.00229 0.00229 0.00229 0.00229 0.00229 0.00229 0.00229 0.00229 0.00229 0.00229 0.00229 0.00229 0.00229 0.00229 0.00229 0.00229 0.00229 0.00229 0.00229 0.00229 0.00229 0.00229 0.00229 0.00229 0.00229 0.00229 0.00229
0.00229 0.00229 0.00229 0.00229 0.00229 0.00229 0.00229 0.00229 0.00229 0.00229 0.00229 0.00229 0.00229 0.00229 0.00229 0.00229 0.00229 0.00229 0.00229 0.00229 0.00229 0.00229 0.00229 0.00229 0.00229 0.00229 0.00229 0.00229 0.00229 0.00229 0.00229 0.00229 0.00229 0.00229 0.00229 0.00229 0.00229 0.00229 0.00229 0.00229 0.00229 0.00229 0.00229 0.00229 0.00229 0.00229 0.00229 0.00229 0.00229 0.00229 0.00229
0.00229 0.00229 0.00229 0.00229 0.00229 0.00229 0.00229 0.00229 0.00229 0.00229 0.00229 0.00229 0.00229 0.00229 0.00229 0.00229 0.00229 0.00229 0.00229 0.00229 0.00229 0.00229 0.00229 0.00229 0.00229 0.00229 0.00229 0.00229 0.00229 0.00229 0.00229 0.00229 0.00229 0.00229 0.00229 0.00229 0.00229 0.00229 0.00229 0.00229 0.00229 0.00229 0.00229 0.00229 0.00229 0.00229 0.00229 0.00229 0.00229 0.00229 0.00229
0.00229 0.00229 0.00229 0.00229 0.00229 0.00229 0.00229 0.00229 0.00229 0.00229 0.00229 0.00229 0.00229 0.00229 0.00229 0.00229 0.00229 0.00229 0.00229 0.00229 0.00229 0.00229 0.00229 0.00229 0.00229 0.00229 0.00229 0.00229 0.00229 0.00229 0.00229 0.00229 0.00229 0.00229 0.00229 0.00229 0.00229 0.00229 0.00229 0.00229 0.00229 0.00229 0.00229 0.00229 0.00229 0.00229 0.00229 0.00229 0.00229 0.00229 0.00229
0.00229 0.00229 0.00229 0.00229 0.00229 0.00229 0.00229 0.00229 0.00229 0.00229 0.00229 0.00229 0.00229 0.00229 0.00229 0.00229 0.00229 0.00229 0.00229 0.00229 0.00229 0.00229 0.00229 0.00229 0.00229 0.00229 0.00229 0.00229 0.00229 0.00229 0.00229 0.00229 0.00229 0.00229 0.00229 0.00229 0.00229 0.00229 0.00229 0.00229 0.00229 0.00229 0.00229 0.00229 0.00229 0.00229 0.00229 0.00229 0.00229 0.00229 0.00229
0.00229 0.00229 0.00229 0.00229 0.00229 0.00229 0.00229 0.00229 0.00229 0.00229 0.00229 0.00229 0.00229 0.00229 0.00229 0.00229 0.00229 0.00229 0.00229 0.00229 0.00229 0.00229 0.00229 0.00229 0.00229 0.00229 0.00229 0.00229 0.00229 0.00229 0.00229 0.00229 0.00229 0.00229 0.00229 0.00229 0.00229 0.00229 0.00229 0.00229 0.00229 0.00229 0.00229 0.00229 0.00229 0.00229 0.00229 0.00229 0.00229 0.00229 0.00229
0.00229 0.00229 0.00229 0.00229 0.00229 0.00229 0.00229 0.00229 0.00229 0.00229 0.00229 0.00229 0.00229 0.00229 0.00229 0.00229 0.00229 0.00229 0.00229 0.00229 0.00229 0.00229 0.00229 0.00229 0.00229 0.00229 0.00229 0.00229 0.00229 0.00229 0.00229 0.00229 0.00229 0.00229 0.00229 0.00229 0.00229 0.00229 0.00229 0.00229 0.00229 0.00229 0.00229 0.00229 0.00229 0.00229 0.00229 0.00229 0.00229 0.00229 0.00229
0.00229 0.00229 0.00229 0.00229 0.00229 0.00229 0.00229 0.00229 0.00229 0.00229 0.00229 0.00229 0.00229 0.00229 0.00229 0.00229 0.00229 0.00229 0.00229 0.00229 0.00229 0.00229 0.00229 0.00229 0.00229 0.00229 0.00229 0.00229 0.00229 0.00229 0.00229 0.00229 0.00229 0.00229 0.00229 0.00229 0.00229 0.00229 0.00229 0.00229 0.00229 0.00229 0.00229 0.00229 0.00229 0.00229 0.00229 0.00229 0.00229 0.00229 0.00229
0.00229 0.00229 0.00229 0.00229 0.00229 0.00229 0.00229 0.00229 0.00229 0.00229 0.00229 0.00229 0.00229 0.00229 0.00229 0.00229 0.00229 0.00229 0.00229 0.00229 0.00229 0.00229 0.00229 0.00229 0.00229 0.00229 0.00229 0.00229 0.00229 0.00229 0.00229 0.00229 0.00229 0.00229 0.00229 0.00229 0.00229 0.00229 0.00229 0.00229 0.00229 0.00229 0.00229 0.00229 0.00229 0.00229 0.00229 0.00229 0.00229 0.00229 0.00229
0.00229 0.00229 0.00229 0.00229 0.00229 0.00229 0.00229 0.00229 0.00229 0.00229 0.00229 0.00229 0.00229 0.00229 0.00229 0.00229 0.00229 0.00229 0.00229 0.00229 0.00229 0.00229 0.00229 0.00229 0.00229 0.00229 0.00229 0.00229 0.00229 0.00229 0.00229 0.00229 0.00229 0.00229 0.00229 0.00229 0.00229 0.00229 0.00229 0.00229 0.00229 0.00229 0.00229 0.00229 0.00229 0.00229 0.00229 0.00229 0.00229 0.00229 0.00229
0.00229 0.00229 0.00229 0.00229 0.00229 0.00229 0.00229 0.00229 0.00229 0.00229 0.00229 0.00229 0.00229 0.00229 0.00229 0.00229 0.00229 0.00229 0.00229 0.00229 0.00229 0.00229 0.00229 0.00229 0.00229 0.00229 0.00229 0.00229 0.00229 0.00229 0.00229 0.00229 0.00229 0.00229 0.00229 0.00229 0.00229 0.00229 0.00229 0.00229 0.00229 0.00229 0.00229 0.00229 0.00229 0.00229 0.00229 0.00229 0.00229 0.00229 0.00229
0.00229 0.00229 0.00229 0.00229 0.00229 0.00229 0.00229 0.00229 0.00229 0.00229 0.00229 0.00229 0.00229 0.00229 0.00229 0.00229 0.00229 0.00229 0.00229 0.00229 0.00229 0.00229 0.00229 0.00229 0.00229 0.00229 0.00229 0.00229 0.00229 0.00229 0.00229 0.00229 0.00229 0.00229 0.00229 0.00229 0.00229 0.00229 0.00229 0.00229 0.00229 0.00229 0.00229 0.00229 0.00229 0.00229 0.00229 0.00229 0.00229 0.00229 0.00229
0.00229 0.00229 0.00229 0.00229 0.00229 0.00229 0.00229 0.00229 0.00229 0.00229 0.00229 0.00229 0.00229 0.00229 0.00229 0.00229 0.00229 0.00229 0.00229 0.00229 0.00229 0.00229 0.00229 0.00229 0.00229 0.00229 0.00229 0.00229 0.00229 0.00229 0.00229 0.00229 0.00229 0.00229 0.00229 0.00229 0.00229 0.00229 0.00229 0.00229 0.00229 0.00229 0.00229 0.00229 0.00229 0.00229 0.00229 0.00229 0.00229 0.00229 0.00229
0.00229 0.00229 0.00229 0.00229 0.00229 0.00229 0.00229 0.00229 0.00229 0.00229 0.00229 0.00229 0.00229 0.00229 0.00229 0.00229 0.00229 0.00229 0.00229 0.00229 0.00229 0.00229 0.00229 0.00229 0.00229 0.00229 0.00229 0.00229 0.00229 0.00229 0.00229 0.00229 0.00229 0.00229 0.00229 0.00229 0.00229 0.00229 0.00229 0.00229 0.00229 0.00229 0.00229 0.00229 0.00229 0.00229 0.00229 0.00229 0.00229 0.00229 0.00229
0.00229 0.00229 0.00229 0.00229 0.00229 0.00229 0.00229 0.00229 0.00229 0.00229 0.00229 0.00229 0.00229 0.00229 0.00229 0.00229 0.00229 0.00229 0.00229 0.00229 0.00229 0.00229 0.00229 0.00229 0.00229 0.00229 0.00229 0.00229 0.00229 0.00229 0.00229 0.00229 0.00229 0.00229 0.00229 0.00229 0.00229 0.00229 0.00229 0.00229 0.00229 0.00229 0.00229 0.00229 0.00229 0.00229 0.00229 0.00229 0.00229 0.00229 0.00229
0.00229 0.00229 0.00229 0.00229 0.00229 0.00229 0.00229 0.00229 0.00229 0.00229 0.00229 0.00229 0.00229 0.00229 0.00229 0.00229 0.00229 0.00229 0.00229 0.00229 0.00229 0.00229 0.00229 0.00229 0.00229 0.00229 0.00229 0.00229 0.00229 0.00229 0.00229 0.00229 0.00229 0.00229 0.00229 0.00229 0.00229 0.00229 0.00229 0.00229 0.00229 0.00229 0.00229 0.00229 0.00229 0.00229 0.00229 0.00229 0.00229 0.00229 0.00229
0.00229 0.00229 0.00229 0.00229 0.00229 0.00229 0.00229 0.00229 0.00229 0.00229 0.00229 0.00229 0.00229 0.00229 0.00229 0.00229 0.00229 0.00229 0.00229 0.00229 0.00229 0.00229 0.00229 0.00229 0.00229 0.00229 0.00229 0.00229 0.00229 0.00229 0.00229 0.00229 0.00229 0.00229 0.00229 0.00229 0.00229 0.00229 0.00229 0.00229 0.00229 0.00229 0.00229 0.00229 0.00229 0.00229 0.00229 0.00229 0.00229 0.00229 0.00229
0.00229 0.00229 0.00229 0.00229 0.00229 0.00229 0.00229 0.00229 0.00229 0.00229 0.00229 0.00229 0.00229 0.00229 0.00229 0.00229 0.00229 0.00229 0.00229 0.00229 0.00229 0.00229 0.00229 0.00229 0.00229 0.00229 0.00229 0.00229 0.00229 0.00229 0.00229 0.00229 0.00229 0.00229 0.00229 0.00229 0.00229 0.00229 0.00229 0.00229 0.00229 0.00229 0.00229 0.00229 0.00229 0.00229 0.00229 0.00229 0.00229 0.00229 0.00229
0.00229 0.00229 0.00229 0.00229 0.00229 0.00229 0.00229 0.00229 0.00229 0.00229 0.00229 0.00229 0.00229 0.00229 0.00229 0.00229 0.00229 0.00229 0.00229 0.00229 0.00229 0.00229 0.00229 0.00229 0.00229 0.00229 0.00229 0.00229 0.00229 0.00229 0.00229 0.00229 0.00229 0.00229 0.00229 0.00229 0.00229 0.00229 0.00229 0.00229 0.00229 0.00229 0.00229 0.00229 0.00229 0.00229 0.00229 0.00229 0.00229 0.00229 0.00228
0.00229 0.00229 0.00229 0.00229 0.00229 0.00229 0.00229 0.00229 0.00229 0.00229 0.00229 0.00229 0.00229 0.00229 0.00229 0.00229 0.00229 0.00229 0.00229 0.00229 0.00229 0.00229 0.00229 0.00229 0.00229 0.00229 0.00229 0.00229 0.00229 0.00229 0.00229 0.00229 0.00229 0.00229 0.00229 0.00229 0.00229 0.00229 0.00229 0.00229 0.00229 0.00229 0.00229 0.00229 0.00229 0.00229 0.00229 0.00229 0.00229 0.00229 0.00228
0.00229 0.00229 0.00229 0.00229 0.00229 0.00229 0.00229 0.00229 0.00229 0.00229 0.00229 0.00229 0.00229 0.00229 0.00229 0.00229 0.00229 0.00229 0.00229 0.00229 0.00229 0.00229 0.00229 0.00229 0.00229 0.00229 0.00229 0.00229 0.00229 0.00229 0.00229 0.00229 0.00229 0.00229 0.00229 0.00229 0.00229 0.00229 0.00229 0.00229 0.00229 0.00229 0.00229 0.00229 0.00229 0.00229 0.00229 0.00229 0.00229 0.00228 0.00228
0.00229 0.00229 0.00229 0.00229 0.00229 0.00229 0.00229 0.00229 0.00229 0.00229 0.00229 0.00229 0.00229 0.00229 0.00229 0.00229 0.00229 0.00229 0.00229 0.00229 0.00229 0.00229 0.00229 0.00229 0.00229 0.00229 0.00229 0.00229 0.00229 0.00229 0.00229 0.00229 0.00229 0.00229 0.00229 0.00229 0.00229 0.00229 0.00229 0.00229 0.00229 0.00229 0.00229 0.00229 0.00229 0.00229 0.00229 0.00229 0.00229 0.00228 0.00228
0.00229 0.00229 0.00229 0.00229 0.00229 0.00229 0.00229 0.00229 0.00229 0.00229 0.00229 0.00229 0.00229 0.00229 0.00229 0.00229 0.00229 0.00229 0.00229 0.00229 0.00229 0.00229 0.00229 0.00229 0.00229 0.00229 0.00229 0.00229 0.00229 0.00229 0.00229 0.00229 0.00229 0.00229 0.00229 0.00229 0.00229 0.00229 0.00229 0.00229 0.00229 0.00229 0.00229 0.00229 0.00229 0.00229 0.00229 0.00229 0.00229 0.00228 0.00228
0.00229 0.00229 0.00229 0.00229 0.00229 0.00229 0.00229 0.00229 0.00229 0.00229 0.00229 0.00229 0.00229 0.00229 0.00229 0.00229 0.00229 0.00229 0.00229 0.00229 0.00229 0.00229 0.00229 0.00229 0.00229 0.00229 0.00229 0.00229 0.00229 0.00229 0.00229 0.00229 0.00229 0.00229 0.00229 0.00229 0.00229 0.00229 0.00229 0.00229 0.00229 0.00229 0.00229 0.00229 0.00229 0.00229 0.00229 0.00229 0.00228 0.00228 0.00228
0.00229 0.00229 0.00229 0.00229 0.00229 0.00229 0.00229 0.00229 0.00229 0.00229 0.00229 0.00229 0.00229 0.00229 0.00229 0.00229 0.00229 0.00229 0.00229 0.00229 0.00229 0.00229 0.00229 0.00229 0.00229 0.00229 0.00229 0.00229 0.00229 0.00229 0.00229 0.00229 0.00229 0.00229 0.00229 0.00229 0.00229 0.00229 0.00229 0.00229 0.00229 0.00229 0.00229 0.00229 0.00229 0.00229 0.00229 0.00229 0.00228 0.00228 0.00228
0.00229 0.00229 0.00229 0.00229 0.00229 0.00229 0.00229 0.00229 0.00229 0.00229 0.00229 0.00229 0.00229 0.00229 0.00229 0.00229 0.00229 0.00229 0.00229 0.00229 0.00229 0.00229 0.00229 0.00229 0.00229 0.00229 0.00229 0.00229 0.00229 0.00229 0.00229 0.00229 0.00229 0.00229 0.00229 0.00229 0.00229 0.00229 0.00229 0.00229 0.00229 0.00229 0.00229 0.00229 0.00229 0.00229 0.00229 0.00228 0.00228 0.00228 0.00228
0.00229 0.00229 0.00229 0.00229 0.00229 0.00229 0.00229 0.00229 0.00229 0.00229 0.00229 0.00229 0.00229 0.00229 0.00229 0.00229 0.00229 0.00229 0.00229 0.00229 0.00229 0.00229 0.00229 0.00229 0.00229 0.00229 0.00229 0.00229 0.00229 0.00229 0.00229 0.00229 0.00229 0.00229 0.00229 0.00229 0.00229 0.00229 0.00229 0.00229 0.00229 0.00229 0.00229 0.00229 0.00229 0.00229 0.00229 0.00228 0.00228 0.00228 0.00228
0.00229 0.00229 0.00229 0.00229 0.00229 0.00229 0.00229 0.00229 0.00229 0.00229 0.00229 0.00229 0.00229 0.00229 0.00229 0.00229 0.00229 0.00229 0.00229 0.00229 0.00229 0.00229 0.00229 0.00229 0.00229 0.00229 0.00229 0.00229 0.00229 0.00229 0.00229 0.00229 0.00229 0.00229 0.00229 0.00229 0.00229 0.00229 0.00229 0.00229 0.00229 0.00229 0.00229 0.00229 0.00229 0.00229 0.00228 0.00228 0.00228 0.00228 0.00228
0.00229 0.00229 0.00229 0.00229 0.00229 0.00229 0.00229 0.00229 0.00229 0.00229 0.00229 0.00229 0.00229 0.00229 0.00229 0.00229 0.00229 0.00229 0.00229 0.00229 0.00229 0.00229 0.00229 0.00229 0.00229 0.00229 0.00229 0.00229 0.00229 0.00229 0.00229 0.00229 0.00229 0.00229 0.00229 0.00229 0.00229 0.00229 0.00229 0.00229 0.00229 0.00229 0.00229 0.00229 0.00229 0.00228 0.00228 0.00228 0.00228 0.00228 0.00228
0.00229 0.00229 0.00229 0.00229 0.00229 0.00229 0.00229 0.00229 0.00229 0.00229 0.00229 0.00229 0.00229 0.00229 0.00229 0.00229 0.00229 0.00229 0.00229 0.00229 0.00229 0.00229 0.00229 0.00229 0.00229 0.00229 0.00229 0.00229 0.00229 0.00229 0.00229 0.00229 0.00229 0.00229 0.00229 0.00229 0.00229 0.00229 0.00229 0.00229 0.00229 0.00229 0.00229 0.00229 0.00229 0.00228 0.00228 0.00228 0.00228 0.00228 0.00228
0.00229 0.00229 0.00229 0.00229 0.00229 0.00229 0.00229 0.00229 0.00229 0.00229 0.00229 0.00229 0.00229 0.00229 0.00229 0.00229 0.00229 0.00229 0.00229 0.00229 0.00229 0.00229 0.00229 0.00229 0.00229 0.00229 0.00229 0.00229 0.00229 0.00229 0.00229 0.00229 0.00229 0.00229 0.00229 0.00229 0.00229 0.00229 0.00229 0.00229 0.00229 0.00229 0.00229 0.00229 0.00228 0.00228 0.00228 0.00228 0.00228 0.00228 0.00228
0.00229 0.00229 0.00229 0.00229 0.00229 0.00229 0.00229 0.00229 0.00229 0.00229 0.00229 0.00229 0.00229 0.00229 0.00229 0.00229 0.00229 0.00229 0.00229 0.00229 0.00229 0.00229 0.00229 0.00229 0.00229 0.00229 0.00229 0.00229 0.00229 0.00229 0.00229 0.00229 0.00229 0.00229 0.00229 0.00229 0.00229 0.00229 0.00229 0.00229 0.00229 0.00229 0.00229 0.00229 0.00228 0.00228 0.00228 0.00228 0.00228 0.00228 0.00228
0.00229 0.00229 0.00229 0.00229 0.00229 0.00229 0.00229 0.00229 0.00229 0.00229 0.00229 0.00229 0.00229 0.00229 0.00229 0.00229 0.00229 0.00229 0.00229 0.00229 0.00229 0.00229 0.00229 0.00229 0.00229 0.00229 0.00229 0.00229 0.00229 0.00229 0.00229 0.00229 0.00229 0.00229 0.00229 0.00229 0.00229 0.00229 0.00229 0.00229 0.00229 0.00229 0.00229 0.00228 0.00228 0.00228 0.00228 0.00228 0.00228 0.00228 0.00228
0.00229 0.00229 0.00229 0.00229 0.00229 0.00229 0.00229 0.00229 0.00229 0.00229 0.00229 0.00229 0.00229 0.00229 0.00229 0.00229 0.00229 0.00229 0.00229 0.00229 0.00229 0.00229 0.00229 0.00229 0.00229 0.00229 0.00229 0.00229 0.00229 0.00229 0.00229 0.00229 0.00229 0.00229 0.00229 0.00229 0.00229 0.00229 0.00229 0.00229 0.00229 0.00229 0.00228 0.00228 0.00228 0.00228 0.00228 0.00228 0.00228 0.00228 0.00228
0.00229 0.00229 0.00229 0.00229 0.00229 0.00229 0.00229 0.00229 0.00229 0.00229 0.00229 0.00229 0.00229 0.00229 0.00229 0.00229 0.00229 0.00229 0.00229 0.00229 0.00229 0.00229 0.00229 0.00229 0.00229 0.00229 0.00229 0.00229 0.00229 0.00229 0.00229 0.00229 0.00229 0.00229 0.00229 0.00229 0.00229 0.00229 0.00229 0.00229 0.00229 0.00228 0.00228 0.00228 0.00228 0.00228 0.00228 0.00228 0.00228 0.00228 0.00228
0.00229 0.00229 0.00229 0.00229 0.00229 0.00229 0.00229 0.00229 0.00229 0.00229 0.00229 0.00229 0.00229 0.00229 0.00229 0.00229 0.00229 0.00229 0.00229 0.00229 0.00229 0.00229 0.00229 0.00229 0.00229 0.00229 0.00229 0.00229 0.00229 0.00229 0.00229 0.00229 0.00229 0.00229 0.00229 0.00229 0.00229 0.00229 0.00229 0.00229 0.00228 0.00228 0.00228 0.00228 0.00228 0.00228 0.00228 0.00228 0.00228 0.00228 0.00228
0.00229 0.00229 0.00229 0.00229 0.00229 0.00229 0.00229 0.00229 0.00229 0.00229 0.00229 0.00229 0.00229 0.00229 0.00229 0.00229 0.00229 0.00229 0.00229 0.00229 0.00229 0.00229 0.00229 0.00229 0.00229 0.00229 0.00229 0.00229 0.00229 0.00229 0.00229 0.00229 0.00229 0.00229 0.00229 0.00229 0.00229 0.00229 0.00229 0.00228 0.00228 0.00228 0.00228 0.00228 0.00228 0.00228 0.00228 0.00228 0.00228 0.00228 0.00228
0.00229 0.00229 0.00229 0.00229 0.00229 0.00229 0.00229 0.00229 0.00229 0.00229 0.00229 0.00229 0.00229 0.00229 0.00229 0.00229 0.00229 0.00229 0.00229 0.00229 0.00229 0.00229 0.00229 0.00229 0.00229 0.00229 0.00229 0.00229 0.00229 0.00229 0.00229 0.00229 0.00229 0.00229 0.00229 0.00229 0.00229 0.00229 0.00228 0.00228 0.00228 0.00228 0.00228 0.00228 0.00228 0.00228 0.00228 0.00228 0.00228 0.00228 0.00228
0.00229 0.00229 0.00229 0.00229 0.00229 0.00229 0.00229 0.00229 0.00229 0.00229 0.00229 0.00229 0.00229 0.00229 0.00229 0.00229 0.00229 0.00229 0.00229 0.00229 0.00229 0.00229 0.00229 0.00229 0.00229 0.00229 0.00229 0.00229 0.00229 0.00229 0.00229 0.00229 0.00229 0.00229 0.00229 0.00229 0.00229 0.00228 0.00228 0.00228 0.00228 0.00228 0.00228 0.00228 0.00228 0.00228 0.00228 0.00228 0.00228 0.00228 0.00228
0.00229 0.00229 0.00229 0.00229 0.00229 0.00229 0.00229 0.00229 0.00229 0.00229 0.00229 0.00229 0.00229 0.00229 0.00229 0.00229 0.00229 0.00229 0.00229 0.00229 0.00229 0.00229 0.00229 0.00229 0.00229 0.00229 0.00229 0.00229 0.00229 0.00229 0.00229 0.00229 0.00229 0.00229 0.00229 0.00229 0.00228 0.00228 0.00228 0.00228 0.00228 0.00228 0.00228 0.00228 0.00228 0.00228 0.00228 0.00228 0.00228 0.00228 0.00228
0.00229 0.00229 0.00229 0.00229 0.00229 0.00229 0.00229 0.00229 0.00229 0.00229 0.00229 0.00229 0.00229 0.00229 0.00229 0.00229 0.00229 0.00229 0.00229 0.00229 0.00229 0.00229 0.00229 0.00229 0.00229 0.00229 0.00229 0.00229 0.00229 0.00229 0.00229 0.00229 0.00229 0.00229 0.00229 0.00228 0.00228 0.00228 0.00228 0.00228 0.00228 0.00228 0.00228 0.00228 0.00228 0.00228 0.00228 0.00228 0.00228 0.00228 0.00228
