0.00195 0.00195 0.00195 0.00195 0.00195 0.00195 0.00195 0.00195 0.00195 0.00195 0.00195 0.00195 0.00195 0.00195 0.00195 0.00195 0.00195 0.00195 0.00195 0.00195 0.00195 0.00195 0.00195 0.00195 0.00195 0.00195 0.00195 0.00195 0.00195 0.00195 0.00195 0.00195 0.00195 0.00195 0.00195 0.00195 0.00195 0.00195 0.00195 0.00195 0.00195 0.00195 0.00195 0.00195 0.00195 0.00195 0.00195 0.00195 0.00195 0.00195 0.00195
0.00195 0.00195 0.00195 0.00195 0.00195 0.00195 0.00195 0.00195 0.00195 0.00195 0.00195 0.00195 0.00195 0.00195 0.00195 0.00195 0.00195 0.00195 0.00195 0.00195 0.00195 0.00195 0.00195 0.00195 0.00195 0.00195 0.00195 0.00195 0.00195 0.00195 0.00195 0.00195 0.00195 0.00195 0.00195 0.00195 0.00195 0.00195 0.00195 0.00195 0.00195 0.00195 0.00195 0.00195 0.00195 0.00195 0.00195 0.00195 0.00195 0.00195 0.00195
0.00195 0.00195 0.00195 0.00195 0.00195 0.00195 0.00195 0.00195 0.00195 0.00195 0.00195 0.00195 0.00195 0.00195 0.00195 0.00195 0.00195 0.00195 0.00195 0.00195 0.00195 0.00195 0.00195 0.00195 0.00195 0.00195 0.00195 0.00195 0.00195 0.00195 0.00195 0.00195 0.00195 0.00195 0.00195 0.00195 0.00195 0.00195 0.00195 0.00195 0.00195 0.00195 0.00195 0.00195 0.00195 0.00195 0.00195 0.00195 0.00195 0.00195 0.00195
0.00195 0.00195 0.00195 0.00195 0.00195 0.00195 0.00195 0.00195 0.00195 0.00195 0.00195 0.00195 0.00195 0.00195 0.00195 0.00195 0.00195 0.00195 0.00195 0.00195 0.00195 0.00195 0.00195 0.00195 0.00195 0.00195 0.00195 0.00195 0.00195 0.00195 0.00195 0.00195 0.00195 0.00195 0.00195 0.00195 0.00195 0.00195 0.00195 0.00195 0.00195 0.00195 0.00195 0.00195 0.00195 0.00195 0.00195 0.00195 0.00195 0.00195 0.00195
0.00195 0.00195 0.00195 0.00195 0.00195 0.00195 0.00195 0.00195 0.00195 0.00195 0.00195 0.00195 0.00195 0.00195 0.00195 0.00195 0.00195 0.00195 0.00195 0.00195 0.00195 0.00195 0.00195 0.00195 0.00195 0.00195 0.00195 0.00195 0.00195 0.00195 0.00195 0.00195 0.00195 0.00195 0.00195 0.00195 0.00195 0.00195 0.00195 0.00195 0.00195 0.00195 0.00195 0.00195 0.00195 0.00195 0.00195 0.00195 0.00195 0.00195 0.00195
0.00195 0.00195 0.00195 0.00195 0.00195 0.00195 0.00195 0.00195 0.00195 0.00195 0.00195 0.00195 0.00195 0.00195 0.00195 0.00195 0.00195 0.00195 0.00195 0.00195 0.00195 0.00195 0.00195 0.00195 0.00195 0.00195 0.00195 0.00195 0.00195 0.00195 0.00195 0.00195 0.00195 0.00195 0.00195 0.00195 0.00195 0.00195 0.00195 0.00195 0.00195 0.00195 0.00195 0.00195 0.00195 0.00195 0.00195 0.00195 0.00195 0.00195 0.00195
0.00195 0.00195 0.00195 0.00195 0.00195 0.00195 0.00195 0.00195 0.00195 0.00195 0.00195 0.00195 0.00195 0.00195 0.00195 0.00195 0.00195 0.00195 0.00195 0.00195 0.00195 0.00195 0.00195 0.00195 0.00195 0.00195 0.00195 0.00195 0.00195 0.00195 0.00195 0.00195 0.00195 0.00195 0.00195 0.00195 0.00195 0.00195 0.00195 0.00195 0.00195 0.00195 0.00195 0.00195 0.00195 0.00195 0.00195 0.00195 0.00195 0.00195 0.00195
0.00195 0.00195 0.00195 0.00195 0.00195 0.00195 0.00195 0.00195 0.00195 0.00195 0.00195 0.00195 0.00195 0.00195 0.00195 0.00195 0.00195 0.00195 0.00195 0.00195 0.00195 0.00195 0.00195 0.00195 0.00195 0.00195 0.00195 0.00195 0.00195 0.00195 0.00195 0.00195 0.00195 0.00195 0.00195 0.00195 0.00195 0.00195 0.00195 0.00195 0.00195 0.00195 0.00195 0.00195 0.00195 0.00195 0.00195 0.00195 0.00195 0.00195 0.00195
0.00195 0.00195 0.00195 0.00195 0.00195 0.00195 0.00195 0.00195 0.00195 0.00195 0.00195 0.00195 0.00195 0.00195 0.00195 0.00195 0.00195 0.00195 0.00195 0.00195 0.00195 0.00195 0.00195 0.00195 0.00195 0.00195 0.00195 0.00195 0.00195 0.00195 0.00195 0.00195 0.00195 0.00195 0.00195 0.00195 0.00195 0.00195 0.00195 0.00195 0.00195 0.00195 0.00195 0.00195 0.00195 0.00195 0.00195 0.00195 0.00195 0.00195 0.00195
0.00195 0.00195 0.00195 0.00195 0.00195 0.00195 0.00195 0.00195 0.00195 0.00195 0.00195 0.00195 0.00195 0.00195 0.00195 0.00195 0.00195 0.00195 0.00195 0.00195 0.00195 0.00195 0.00195 0.00195 0.00195 0.00195 0.00195 0.00195 0.00195 0.00195 0.00195 0.00195 0.00195 0.00195 0.00195 0.00195 0.00195 0.00195 0.00195 0.00195 0.00195 0.00195 0.00195 0.00195 0.00195 0.00195 0.00195 0.00195 0.00195 0.00195 0.00195
0.00195 0.00195 0.00195 0.00195 0.00195 0.00195 0.00195 0.00195 0.00195 0.00195 0.00195 0.00195 0.00195 0.00195 0.00195 0.00195 0.00195 0.00195 0.00195 0.00195 0.00195 0.00195 0.00195 0.00195 0.00195 0.00195 0.00195 0.00195 0.00195 0.00195 0.00195 0.00195 0.00195 0.00195 0.00195 0.00195 0.00195 0.00195 0.00195 0.00195 0.00195 0.00195 0.00195 0.00195 0.00195 0.00195 0.00195 0.00195 0.00195 0.00195 0.00195
0.00195 0.00195 0.00195 0.00195 0.00195 0.00195 0.00195 0.00195 0.00195 0.00195 0.00195 0.00195 0.00195 0.00195 0.00195 0.00195 0.00195 0.00195 0.00195 0.00195 0.00195 0.00195 0.00195 0.00195 0.00195 0.00195 0.00195 0.00195 0.00195 0.00195 0.00195 0.00195 0.00195 0.00195 0.00195 0.00195 0.00195 0.00195 0.00195 0.00195 0.00195 0.00195 0.00195 0.00195 0.00195 0.00195 0.00195 0.00195 0.00195 0.00195 0.00195
0.00195 0.00195 0.00195 0.00195 0.00195 0.00195 0.00195 0.00195 0.00195 0.00195 0.00195 0.00195 0.00195 0.00195 0.00195 0.00195 0.00195 0.00195 0.00195 0.00195 0.00195 0.00195 0.00195 0.00195 0.00195 0.00195 0.00195 0.00195 0.00195 0.00195 0.00195 0.00195 0.00195 0.00195 0.00195 0.00195 0.00195 0.00195 0.00195 0.00195 0.00195 0.00195 0.00195 0.00195 0.00195 0.00195 0.00195 0.00195 0.00195 0.00195 0.00195
0.00195 0.00195 0.00195 0.00195 0.00195 0.00195 0.00195 0.00195 0.00195 0.00195 0.00195 0.00195 0.00195 0.00195 0.00195 0.00195 0.00195 0.00195 0.00195 0.00195 0.00195 0.00195 0.00195 0.00195 0.00195 0.00195 0.00195 0.00195 0.00195 0.00195 0.00195 0.00195 0.00195 0.00195 0.00195 0.00195 0.00195 0.00195 0.00195 0.00195 0.00195 0.00195 0.00195 0.00195 0.00195 0.00195 0.00195 0.00195 0.00195 0.00195 0.00195
0.00195 0.00195 0.00195 0.00195 0.00195 0.00195 0.00195 0.00195 0.00195 0.00195 0.00195 0.00195 0.00195 0.00195 0.00195 0.00195 0.00195 0.00195 0.00195 0.00195 0.00195 0.00195 0.00195 0.00195 0.00195 0.00195 0.00195 0.00195 0.00195 0.00195 0.00195 0.00195 0.00195 0.00195 0.00195 0.00195 0.00195 0.00195 0.00195 0.00195 0.00195 0.00195 0.00195 0.00195 0.00195 0.00195 0.00195 0.00195 0.00195 0.00195 0.00195
0.00195 0.00195 0.00195 0.00195 0.00195 0.00195 0.00195 0.00195 0.00195 0.00195 0.00195 0.00195 0.00195 0.00195 0.00195 0.00195 0.00195 0.00195 0.00195 0.00195 0.00195 0.00195 0.00195 0.00195 0.00195 0.00195 0.00195 0.00195 0.00195 0.00195 0.00195 0.00195 0.00195 0.00195 0.00195 0.00195 0.00195 0.00195 0.00195 0.00195 0.00195 0.00195 0.00195 0.00195 0.00195 0.00195 0.00195 0.00195 0.00195 0.00195 0.00195
0.00195 0.00195 0.00195 0.00195 0.00195 0.00195 0.00195 0.00195 0.00195 0.00195 0.00195 0.00195 0.00195 0.00195 0.00195 0.00195 0.00195 0.00195 0.00195 0.00195 0.00195 0.00195 0.00195 0.00195 0.00195 0.00195 0.00195 0.00195 0.00195 0.00195 0.00195 0.00195 0.00195 0.00195 0.00195 0.00195 0.00195 0.00195 0.00195 0.00195 0.00195 0.00195 0.00195 0.00195 0.00195 0.00195 0.00195 0.00195 0.00195 0.00195 0.00195
0.00195 0.00195 0.00195 0.00195 0.00195 0.00195 0.00195 0.00195 0.00195 0.00195 0.00195 0.00195 0.00195 0.00195 0.00195 0.00195 0.00195 0.00195 0.00195 0.00195 0.00195 0.00195 0.00195 0.00195 0.00195 0.00195 0.00195 0.00195 0.00195 0.00195 0.00195 0.00195 0.00195 0.00195 0.00195 0.00195 0.00195 0.00195 0.00195 0.00195 0.00195 0.00195 0.00195 0.00195 0.00195 0.00195 0.00195 0.00195 0.00195 0.00195 0.00195
0.00195 0.00195 0.00195 0.00195 0.00195 0.00195 0.00195 0.00195 0.00195 0.00195 0.00195 0.00195 0.00195 0.00195 0.00195 0.00195 0.00195 0.00195 0.00195 0.00195 0.00195 0.00195 0.00195 0.00195 0.00195 0.00195 0.00195 0.00195 0.00195 0.00195 0.00195 0.00195 0.00195 0.00195 0.00195 0.00195 0.00195 0.00195 0.00195 0.00195 0.00195 0.00195 0.00195 0.00195 0.00195 0.00195 0.00195 0.00195 0.00195 0.00195 0.00195
0.00195 0.00195 0.00195 0.00195 0.00195 0.00195 0.00195 0.00195 0.00195 0.00195 0.00195 0.00195 0.00195 0.00195 0.00195 0.00195 0.00195 0.00195 0.00195 0.00195 0.00195 0.00195 0.00195 0.00195 0.00195 0.00195 0.00195 0.00195 0.00195 0.00195 0.00195 0.00195 0.00195 0.00195 0.00195 0.00195 0.00195 0.00195 0.00195 0.00195 0.00195 0.00195 0.00195 0.00195 0.00195 0.00195 0.00195 0.00195 0.00195 0.00195 0.00195
0.00195 0.00195 0.00195 0.00195 0.00195 0.00195 0.00195 0.00195 0.00195 0.00195 0.00195 0.00195 0.00195 0.00195 0.00195 0.00195 0.00195 0.00195 0.00195 0.00195 0.00195 0.00195 0.00195 0.00195 0.00195 0.00195 0.00195 0.00195 0.00195 0.00195 0.00195 0.00195 0.00195 0.00195 0.00195 0.00195 0.00195 0.00195 0.00195 0.00195 0.00195 0.00195 0.00195 0.00195 0.00195 0.00195 0.00195 0.00195 0.00195 0.00195 0.00195
0.00195 0.00195 0.00195 0.00195 0.00195 0.00195 0.00195 0.00195 0.00195 0.00195 0.00195 0.00195 0.00195 0.00195 0.00195 0.00195 0.00195 0.00195 0.00195 0.00195 0.00195 0.00195 0.00195 0.00195 0.00195 0.00195 0.00195 0.00195 0.00195 0.00195 0.00195 0.00195 0.00195 0.00195 0.00195 0.00195 0.00195 0.00195 0.00195 0.00195 0.00195 0.00195 0.00195 0.00195 0.00195 0.00195 0.00195 0.00195 0.00195 0.00195 0.00195
0.00195 0.00195 0.00195 0.00195 0.00195 0.00195 0.00195 0.00195 0.00195 0.00195 0.00195 0.00195 0.00195 0.00195 0.00195 0.00195 0.00195 0.00195 0.00195 0.00195 0.00195 0.00195 0.00195 0.00195 0.00195 0.00195 0.00195 0.00195 0.00195 0.00195 0.00195 0.00195 0.00195 0.00195 0.00195 0.00195 0.00195 0.00195 0.00195 0.00195 0.00195 0.00195 0.00195 0.00195 0.00195 0.00195 0.00195 0.00195 0.00195 0.00195 0.00195
0.00195 0.00195 0.00195 0.00195 0.00195 0.00195 0.00195 0.00195 0.00195 0.00195 0.00195 0.00195 0.00195 0.00195 0.00195 0.00195 0.00195 0.00195 0.00195 0.00195 0.00195 0.00195 0.00195 0.00195 0.00195 0.00195 0.00195 0.00195 0.00195 0.00195 0.00195 0.00195 0.00195 0.00195 0.00195 0.00195 0.00195 0.00195 0.00195 0.00195 0.00195 0.00195 0.00195 0.00195 0.00195 0.00195 0.00195 0.00195 0.00195 0.00195 0.00195
0.00195 0.00195 0.00195 0.00195 0.00195 0.00195 0.00195 0.00195 0.00195 0.00195 0.00195 0.00195 0.00195 0.00195 0.00195 0.00195 0.00195 0.00195 0.00195 0.00195 0.00195 0.00195 0.00195 0.00195 0.00195 0.00195 0.00195 0.00195 0.00195 0.00195 0.00195 0.00195 0.00195 0.00195 0.00195 0.00195 0.00195 0.00195 0.00195 0.00195 0.00195 0.00195 0.00195 0.00195 0.00195 0.00195 0.00195 0.00195 0.00195 0.00195 0.00195
0.00195 0.00195 0.00195 0.00195 0.00195 0.00195 0.00195 0.00195 0.00195 0.00195 0.00195 0.00195 0.00195 0.00195 0.00195 0.00195 0.00195 0.00195 0.00195 0.00195 0.00195 0.00195 0.00195 0.00195 0.00195 0.00195 0.00195 0.00195 0.00195 0.00195 0.00195 0.00195 0.00195 0.00195 0.00195 0.00195 0.00195 0.00195 0.00195 0.00195 0.00195 0.00195 0.00195 0.00195 0.00195 0.00195 0.00195 0.00195 0.00195 0.00195 0.00195
0.00195 0.00195 0.00195 0.00195 0.00195 0.00195 0.00195 0.00195 0.00195 0.00195 0.00195 0.00195 0.00195 0.00195 0.00195 0.00195 0.00195 0.00195 0.00195 0.00195 0.00195 0.00195 0.00195 0.00195 0.00195 0.00195 0.00195 0.00195 0.00195 0.00195 0.00195 0.00195 0.00195 0.00195 0.00195 0.00195 0.00195 0.00195 0.00195 0.00195 0.00195 0.00195 0.00195 0.00195 0.00195 0.00195 0.00195 0.00195 0.00195 0.00195 0.00195
0.00195 0.00195 0.00195 0.00195 0.00195 0.00195 0.00195 0.00195 0.00195 0.00195 0.00195 0.00195 0.00195 0.00195 0.00195 0.00195 0.00195 0.00195 0.00195 0.00195 0.00195 0.00195 0.00195 0.00195 0.00195 0.00195 0.00195 0.00195 0.00195 0.00195 0.00195 0.00195 0.00195 0.00195 0.00195 0.00195 0.00195 0.00195 0.00195 0.00195 0.00195 0.00195 0.00195 0.00195 0.00195 0.00195 0.00195 0.00195 0.00195 0.00195 0.00195
0.00195 0.00195 0.00195 0.00195 0.00195 0.00195 0.00195 0.00195 0.00195 0.00195 0.00195 0.00195 0.00195 0.00195 0.00195 0.00195 0.00195 0.00195 0.00195 0.00195 0.00195 0.00195 0.00195 0.00195 0.00195 0.00195 0.00195 0.00195 0.00195 0.00195 0.00195 0.00195 0.00195 0.00195 0.00195 0.00195 0.00195 0.00195 0.00195 0.00195 0.00195 0.00195 0.00195 0.00195 0.00195 0.00195 0.00195 0.00195 0.00195 0.00195 0.00195
0.00195 0.00195 0.00195 0.00195 0.00195 0.00195 0.00195 0.00195 0.00195 0.00195 0.00195 0.00195 0.00195 0.00195 0.00195 0.00195 0.00195 0.00195 0.00195 0.00195 0.00195 0.00195 0.00195 0.00195 0.00195 0.00195 0.00195 0.00195 0.00195 0.00195 0.00195 0.00195 0.00195 0.00195 0.00195 0.00195 0.00195 0.00195 0.00195 0.00195 0.00195 0.00195 0.00195 0.00195 0.00195 0.00195 0.00195 0.00195 0.00195 0.00195 0.00195
0.00195 0.00195 0.00195 0.00195 0.00195 0.00195 0.00195 0.00195 0.00195 0.00195 0.00195 0.00195 0.00195 0.00195 0.00195 0.00195 0.00195 0.00195 0.00195 0.00195 0.00195 0.00195 0.00195 0.00195 0.00195 0.00195 0.00195 0.00195 0.00195 0.00195 0.00195 0.00195 0.00195 0.00195 0.00195 0.00195 0.00195 0.00195 0.00195 0.00195 0.00195 0.00195 0.00195 0.00195 0.00195 0.00195 0.00195 0.00195 0.00195 0.00195 0.00195
0.00195 0.00195 0.00195 0.00195 0.00195 0.00195 0.00195 0.00195 0.00195 0.00195 0.00195 0.00195 0.00195 0.00195 0.00195 0.00195 0.00195 0.00195 0.00195 0.00195 0.00195 0.00195 0.00195 0.00195 0.00195 0.00195 0.00195 0.00195 0.00195 0.00195 0.00195 0.00195 0.00195 0.00195 0.00195 0.00195 0.00195 0.00195 0.00195 0.00195 0.00195 0.00195 0.00195 0.00195 0.00195 0.00195 0.00195 0.00195 0.00195 0.00195 0.00195
0.00195 0.00195 0.00195 0.00195 0.00195 0.00195 0.00195 0.00195 0.00195 0.00195 0.00195 0.00195 0.00195 0.00195 0.00195 0.00195 0.00195 0.00195 0.00195 0.00195 0.00195 0.00195 0.00195 0.00195 0.00195 0.00195 0.00195 0.00195 0.00195 0.00195 0.00195 0.00195 0.00195 0.00195 0.00195 0.00195 0.00195 0.00195 0.00195 0.00195 0.00195 0.00195 0.00195 0.00195 0.00195 0.00195 0.00195 0.00195 0.00195 0.00195 0.00195
0.00195 0.00195 0.00195 0.00195 0.00195 0.00195 0.00195 0.00195 0.00195 0.00195 0.00195 0.00195 0.00195 0.00195 0.00195 0.00195 0.00195 0.00195 0.00195 0.00195 0.00195 0.00195 0.00195 0.00195 0.00195 0.00195 0.00195 0.00195 0.00195 0.00195 0.00195 0.00195 0.00195 0.00195 0.00195 0.00195 0.00195 0.00195 0.00195 0.00195 0.00195 0.00195 0.00195 0.00195 0.00195 0.00195 0.00195 0.00195 0.00195 0.00195 0.00195
0.00195 0.00195 0.00195 0.00195 0.00195 0.00195 0.00195 0.00195 0.00195 0.00195 0.00195 0.00195 0.00195 0.00195 0.00195 0.00195 0.00195 0.00195 0.00195 0.00195 0.00195 0.00195 0.00195 0.00195 0.00195 0.00195 0.00195 0.00195 0.00195 0.00195 0.00195 0.00195 0.00195 0.00195 0.00195 0.00195 0.00195 0.00195 0.00195 0.00195 0.00195 0.00195 0.00195 0.00195 0.00195 0.00195 0.00195 0.00195 0.00195 0.00195 0.00195
0.00195 0.00195 0.00195 0.00195 0.00195 0.00195 0.00195 0.00195 0.00195 0.00195 0.00195 0.00195 0.00195 0.00195 0.00195 0.00195 0.00195 0.00195 0.00195 0.00195 0.00195 0.00195 0.00195 0.00195 0.00195 0.00195 0.00195 0.00195 0.00195 0.00195 0.00195 0.00195 0.00195 0.00195 0.00195 0.00195 0.00195 0.00195 0.00195 0.00195 0.00195 0.00195 0.00195 0.00195 0.00195 0.00195 0.00195 0.00195 0.00195 0.00195 0.00195
0.00195 0.00195 0.00195 0.00195 0.00195 0.00195 0.00195 0.00195 0.00195 0.00195 0.00195 0.00195 0.00195 0.00195 0.00195 0.00195 0.00195 0.00195 0.00195 0.00195 0.00195 0.00195 0.00195 0.00195 0.00195 0.00195 0.00195 0.00195 0.00195 0.00195 0.00195 0.00195 0.00195 0.00195 0.00195 0.00195 0.00195 0.00195 0.00195 0.00195 0.00195 0.00195 0.00195 0.00195 0.00195 0.00195 0.00195 0.00195 0.00195 0.00195 0.00195
0.00195 0.00195 0.00195 0.00195 0.00195 0.00195 0.00195 0.00195 0.00195 0.00195 0.00195 0.00195 0.00195 0.00195 0.00195 0.00195 0.00195 0.00195 0.00195 0.00195 0.00195 0.00195 0.00195 0.00195 0.00195 0.00195 0.00195 0.00195 0.00195 0.00195 0.00195 0.00195 0.00195 0.00195 0.00195 0.00195 0.00195 0.00195 0.00195 0.00195 0.00195 0.00195 0.00195 0.00195 0.00195 0.00195 0.00195 0.00195 0.00195 0.00195 0.00195
0.00195 0.00195 0.00195 0.00195 0.00195 0.00195 0.00195 0.00195 0.00195 0.00195 0.00195 0.00195 0.00195 0.00195 0.00195 0.00195 0.00195 0.00195 0.00195 0.00195 0.00195 0.00195 0.00195 0.00195 0.00195 0.00195 0.00195 0.00195 0.00195 0.00195 0.00195 0.00195 0.00195 0.00195 0.00195 0.00195 0.00195 0.00195 0.00195 0.00195 0.00195 0.00195 0.00195 0.00195 0.00195 0.00195 0.00195 0.00195 0.00195 0.00195 0.00195
0.00195 0.00195 0.00195 0.00195 0.00195 0.00195 0.00195 0.00195 0.00195 0.00195 0.00195 0.00195 0.00195 0.00195 0.00195 0.00195 0.00195 0.00195 0.00195 0.00195 0.00195 0.00195 0.00195 0.00195 0.00195 0.00195 0.00195 0.00195 0.00195 0.00195 0.00195 0.00195 0.00195 0.00195 0.00195 0.00195 0.00195 0.00195 0.00195 0.00195 0.00195 0.00195 0.00195 0.00195 0.00195 0.00195 0.00195 0.00195 0.00195 0.00195 0.00195
0.00195 0.00195 0.00195 0.00195 0.00195 0.00195 0.00195 0.00195 0.00195 0.00195 0.00195 0.00195 0.00195 0.00195 0.00195 0.00195 0.00195 0.00195 0.00195 0.00195 0.00195 0.00195 0.00195 0.00195 0.00195 0.00195 0.00195 0.00195 0.00195 0.00195 0.00195 0.00195 0.00195 0.00195 0.00195 0.00195 0.00195 0.00195 0.00195 0.00195 0.00195 0.00195 0.00195 0.00195 0.00195 0.00195 0.00195 0.00195 0.00195 0.00195 0.00195
0.00195 0.00195 0.00195 0.00195 0.00195 0.00195 0.00195 0.00195 0.00195 0.00195 0.00195 0.00195 0.00195 0.00195 0.00195 0.00195 0.00195 0.00195 0.00195 0.00195 0.00195 0.00195 0.00195 0.00195 0.00195 0.00195 0.00195 0.00195 0.00195 0.00195 0.00195 0.00195 0.00195 0.00195 0.00195 0.00195 0.00195 0.00195 0.00195 0.00195 0.00195 0.00195 0.00195 0.00195 0.00195 0.00195 0.00195 0.00195 0.00195 0.00195 0.00195
0.00195 0.00195 0.00195 0.00195 0.00195 0.00195 0.00195 0.00195 0.00195 0.00195 0.00195 0.00195 0.00195 0.00195 0.00195 0.00195 0.00195 0.00195 0.00195 0.00195 0.00195 0.00195 0.00195 0.00195 0.00195 0.00195 0.00195 0.00195 0.00195 0.00195 0.00195 0.00195 0.00195 0.00195 0.00195 0.00195 0.00195 0.00195 0.00195 0.00195 0.00195 0.00195 0.00195 0.00195 0.00195 0.00195 0.00195 0.00195 0.00195 0.00195 0.00195
0.00195 0.00195 0.00195 0.00195 0.00195 0.00195 0.00195 0.00195 0.00195 0.00195 0.00195 0.00195 0.00195 0.00195 0.00195 0.00195 0.00195 0.00195 0.00195 0.00195 0.00195 0.00195 0.00195 0.00195 0.00195 0.00195 0.00195 0.00195 0.00195 0.00195 0.00195 0.00195 0.00195 0.00195 0.00195 0.00195 0.00195 0.00195 0.00195 0.00195 0.00195 0.00195 0.00195 0.00195 0.00195 0.00195 0.00195 0.00195 0.00195 0.00195 0.00195
0.00195 0.00195 0.00195 0.00195 0.00195 0.00195 0.00195 0.00195 0.00195 0.00195 0.00195 0.00195 0.00195 0.00195 0.00195 0.00195 0.00195 0.00195 0.00195 0.00195 0.00195 0.00195 0.00195 0.00195 0.00195 0.00195 0.00195 0.00195 0.00195 0.00195 0.00195 0.00195 0.00195 0.00195 0.00195 0.00195 0.00195 0.00195 0.00195 0.00195 0.00195 0.00195 0.00195 0.00195 0.00195 0.00195 0.00195 0.00195 0.00195 0.00195 0.00195
0.00195 0.00195 0.00195 0.00195 0.00195 0.00195 0.00195 0.00195 0.00195 0.00195 0.00195 0.00195 0.00195 0.00195 0.00195 0.00195 0.00195 0.00195 0.00195 0.00195 0.00195 0.00195 0.00195 0.00195 0.00195 0.00195 0.00195 0.00195 0.00195 0.00195 0.00195 0.00195 0.00195 0.00195 0.00195 0.00195 0.00195 0.00195 0.00195 0.00195 0.00195 0.00195 0.00195 0.00195 0.00195 0.00195 0.00195 0.00195 0.00195 0.00195 0.00195
0.00195 0.00195 0.00195 0.00195 0.00195 0.00195 0.00195 0.00195 0.00195 0.00195 0.00195 0.00195 0.00195 0.00195 0.00195 0.00195 0.00195 0.00195 0.00195 0.00195 0.00195 0.00195 0.00195 0.00195 0.00195 0.00195 0.00195 0.00195 0.00195 0.00195 0.00195 0.00195 0.00195 0.00195 0.00195 0.00195 0.00195 0.00195 0.00195 0.00195 0.00195 0.00195 0.00195 0.00195 0.00195 0.00195 0.00195 0.00195 0.00195 0.00195 0.00195
0.00195 0.00195 0.00195 0.00195 0.00195 0.00195 0.00195 0.00195 0.00195 0.00195 0.00195 0.00195 0.00195 0.00195 0.00195 0.00195 0.00195 0.00195 0.00195 0.00195 0.00195 0.00195 0.00195 0.00195 0.00195 0.00195 0.00195 0.00195 0.00195 0.00195 0.00195 0.00195 0.00195 0.00195 0.00195 0.00195 0.00195 0.00195 0.00195 0.00195 0.00195 0.00195 0.00195 0.00195 0.00195 0.00195 0.00195 0.00195 0.00195 0.00195 0.00195
0.00195 0.00195 0.00195 0.00195 0.00195 0.00195 0.00195 0.00195 0.00195 0.00195 0.00195 0.00195 0.00195 0.00195 0.00195 0.00195 0.00195 0.00195 0.00195 0.00195 0.00195 0.00195 0.00195 0.00195 0.00195 0.00195 0.00195 0.00195 0.00195 0.00195 0.00195 0.00195 0.00195 0.00195 0.00195 0.00195 0.00195 0.00195 0.00195 0.00195 0.00195 0.00195 0.00195 0.00195 0.00195 0.00195 0.00195 0.00195 0.00195 0.00195 0.00195
0.00195 0.00195 0.00195 0.00195 0.00195 0.00195 0.00195 0.00195 0.00195 0.00195 0.00195 0.00195 0.00195 0.00195 0.00195 0.00195 0.00195 0.00195 0.00195 0.00195 0.00195 0.00195 0.00195 0.00195 0.00195 0.00195 0.00195 0.00195 0.00195 0.00195 0.00195 0.00195 0.00195 0.00195 0.00195 0.00195 0.00195 0.00195 0.00195 0.00195 0.00195 0.00195 0.00195 0.00195 0.00195 0.00195 0.00195 0.00195 0.00195 0.00195 0.00195
0.00195 0.00195 0.00195 0.00195 0.00195 0.00195 0.00195 0.00195 0.00195 0.00195 0.00195 0.00195 0.00195 0.00195 0.00195 0.00195 0.00195 0.00195 0.00195 0.00195 0.00195 0.00195 0.00195 0.00195 0.00195 0.00195 0.00195 0.00195 0.00195 0.00195 0.00195 0.00195 0.00195 0.00195 0.00195 0.00195 0.00195 0.00195 0.00195 0.00195 0.00195 0.00195 0.00195 0.00195 0.00195 0.00195 0.00195 0.00195 0.00195 0.00195 0.00195
