Name	z	Type	Mass	Mass_e	SFR	SFR_e	Sigma_M	Sigma_Merr	Sigma_SFR	SigmaSFR_err	r50_kpc	R50_err
GRB010921	0.451	GRB	9.69	0.09	0.35	0.19	8.53	0.09	-0.81	0.19	2.05	0.02
GRB011121	0.362	GRB	9.66	0.17	0.32	0.18	6.86	0.17	-2.48	0.18	11.04	0.64
GRB021211	1.006	GRB	8.62	0.54	-0.59	0.20	7.94	0.54	-1.26	0.20	0.93	0.02
GRB030329	0.168	GRB	8.03	0.12	-0.91	0.20	7.99	0.12	-0.94	0.20	0.67	0.03
GRB050416A	0.653	GRB	9.19	0.19	0.18	0.16	7.99	0.19	-1.02	0.16	2.17	0.12
GRB051022	0.807	GRB	9.72	0.05	1.25	0.09	8.01	0.05	-0.45	0.09	4.88	0.44
GRB060218	0.034	GRB	7.72	0.19	-1.11	0.24	7.96	0.19	-0.87	0.24	0.31	0.00
GRB090417B	0.345	GRB	10.14	0.14	-0.27	0.29	8.41	0.14	-2.00	0.29	3.45	0.06
GRB970508	0.835	GRB	8.62	0.24	-0.26	0.17	8.46	0.24	-0.42	0.17	0.68	0.01
GRB970828	0.960	GRB	9.62	0.52	0.23	0.25	8.65	0.52	-0.73	0.25	1.66	0.80
GRB980613	1.097	GRB	9.00	0.34	0.68	0.18	8.42	0.34	0.10	0.18	1.03	0.19
GRB980703	0.966	GRB	10.00	0.15	0.98	0.16	9.06	0.15	0.03	0.16	1.37	0.04
GRB990712	0.433	GRB	9.37	0.05	-0.22	0.09	8.37	0.05	-1.21	0.09	2.25	0.08
GRB991208	0.706	GRB	8.91	0.25	-0.12	0.17	9.09	0.25	0.06	0.17	0.33	0.02
PTF09awk	0.062	Ib	9.53	0.07	0.16	0.12	8.56	0.07	-0.81	0.12	1.61	0.05
PTF09axc	0.115	II	9.99	0.06	-0.19	0.18	8.87	0.06	-1.32	0.18	1.51	0.07
PTF09axi	0.064	II	9.33	0.09	-0.28	0.15	7.42	0.09	-2.18	0.15	4.10	0.15
PTF09bce	0.023	II	10.95	0.03	0.70	0.07	9.17	0.03	-1.08	0.07	4.46	0.03
PTF09bw		0.150	II	9.55	0.17	-0.26	0.36	7.90	0.17	-1.90	0.36	2.99	0.40
PTF09cjq	0.019	II	10.40	0.03	0.30	0.07	8.10	0.03	-2.00	0.07	7.32	0.03
PTF09ct		0.150	II	9.95	0.14	0.17	0.26	8.46	0.14	-1.33	0.26	2.76	0.38
PTF09cu		0.057	II	10.47	0.04	0.68	0.08	8.19	0.04	-1.60	0.08	6.63	0.06
PTF09dfk	0.016	Ib	8.96	0.31	-0.82	0.34	8.49	0.31	-1.29	0.34	0.76	0.02
PTF09djl	0.184	II	10.09	0.15	-0.04	0.36	9.47	0.15	-0.65	0.36	1.03	0.21
PTF09dra	0.077	II	10.57	0.07	0.81	0.08	7.80	0.07	-1.96	0.08	15.03	0.22
PTF09due	0.029	II	10.25	0.03	0.70	0.07	7.93	0.03	-1.62	0.07	7.30	0.03
PTF09dzt	0.087	Ic	9.98	0.06	0.44	0.16	7.18	0.06	-2.37	0.16	12.35	0.46
PTF09ebq	0.024	II	9.75	0.04	0.02	0.08	8.51	0.04	-1.22	0.08	2.04	0.02
PTF09fbf	0.021	II	10.05	0.03	0.60	0.07	7.97	0.03	-1.48	0.07	8.30	0.04
PTF09foy	0.060	II	10.20	0.09	0.52	0.13	7.67	0.09	-2.01	0.13	7.46	0.09
PTF09g		0.040	II	9.55	0.04	0.18	0.08	7.84	0.04	-1.53	0.08	2.98	0.02
PTF09gof	0.103	II	10.06	0.06	0.60	0.20	7.56	0.06	-1.91	0.20	8.63	0.24
PTF09hdo	0.047	II	10.75	0.03	0.70	0.07	8.61	0.03	-1.44	0.07	5.63	0.03
PTF09hzg	0.028	II	10.55	0.03	-0.40	0.07	8.38	0.03	-2.57	0.07	9.06	0.05
PTF09iex	0.020	II	8.36	0.47	-1.10	0.50	6.98	0.47	-2.48	0.50	2.42	0.14
PTF09ige	0.064	II	9.76	0.07	0.32	0.20	7.61	0.07	-1.83	0.20	5.51	0.08
PTF09igz	0.086	II	9.40	0.08	-0.16	0.15	7.72	0.08	-1.84	0.15	2.89	0.17
PTF09ism	0.029	II	9.56	0.19	-0.16	0.19	7.83	0.19	-1.89	0.19	3.34	0.07
PTF09ps		0.106	Ic	9.29	0.08	-0.18	0.15	8.20	0.08	-1.27	0.15	2.80	0.14
PTF09q		0.090	Ic	10.83	0.09	0.86	0.12	8.23	0.09	-1.74	0.12	8.95	0.11
PTF09r		0.027	II	9.01	0.23	-1.16	0.46	8.45	0.23	-1.72	0.46	1.49	0.02
PTF09sh		0.038	II	9.95	0.03	0.40	0.07	7.97	0.03	-1.58	0.07	4.76	0.08
PTF09sk		0.035	Ic-BL	8.85	0.14	-0.38	0.23	7.79	0.14	-1.45	0.23	2.36	0.05
PTF09t		0.039	II	9.60	0.03	0.34	0.10	7.69	0.03	-1.57	0.10	5.14	0.04
PTF09tm		0.035	II	10.35	0.03	0.30	0.07	8.62	0.03	-1.43	0.07	4.80	0.02
PTF09uj		0.065	II	9.78	0.08	0.20	0.19	7.69	0.08	-1.89	0.19	5.75	0.10
PTF10aavz	0.062	Ic-BL	9.09	0.11	-0.55	0.17	8.00	0.11	-1.64	0.17	2.33	0.13
PTF10bau	0.026	II	10.35	0.03	0.40	0.07	8.32	0.03	-1.63	0.07	4.62	0.02
PTF10bhu	0.036	Ic	9.44	0.14	-0.05	0.17	7.78	0.14	-1.71	0.17	3.63	0.04
PTF10bip	0.051	Ic	9.10	0.10	-0.43	0.21	8.10	0.10	-1.43	0.21	2.01	0.06
PTF10cqh	0.041	II	10.77	0.04	0.97	0.08	8.51	0.04	-1.29	0.08	6.80	0.04
PTF10cwx	0.073	II	9.65	0.08	0.08	0.18	7.80	0.08	-1.78	0.18	3.68	0.30
PTF10cxq	0.047	II	8.93	0.11	-0.13	0.23	7.38	0.11	-1.68	0.23	5.86	0.14
PTF10cxx	0.034	II	10.27	0.13	0.24	0.17	8.88	0.13	-1.15	0.17	2.62	0.02
PTF10czn	0.045	II	10.45	0.04	0.96	0.09	7.74	0.04	-1.75	0.09	9.71	0.05
PTF10dk		0.074	II	8.54	0.19	-1.06	0.18	7.64	0.19	-1.96	0.18	1.47	0.51
PTF10hv		0.052	II	11.22	0.04	1.60	0.07	9.17	0.04	-0.46	0.07	6.85	0.11
PTF10qts	0.091	Ic-BL	9.60	0.09	-0.91	0.30	8.83	0.09	-1.68	0.30	1.17	0.36
PTF10s		0.051	II	9.62	0.09	-0.09	0.15	7.98	0.09	-1.73	0.15	2.97	0.06
PTF11cgx	0.033	II	9.92	0.13	0.41	0.17	8.19	0.13	-1.32	0.17	3.48	0.02
PTF11cwi	0.056	II	10.56	0.04	0.51	0.08	8.54	0.04	-1.51	0.08	4.63	0.08
PTF11dad	0.072	II	9.97	0.08	0.33	0.15	7.93	0.08	-1.71	0.15	7.48	0.15
PTF11dqk	0.036	II	9.85	0.03	0.45	0.13	7.95	0.03	-1.45	0.13	3.93	0.02
PTF11dqr	0.082	II	9.34	0.10	-0.21	0.19	6.64	0.10	-2.91	0.19	10.25	0.98
PTF11dsb	0.190	II	9.70	0.08	0.23	0.16	7.28	0.08	-2.18	0.16	7.42	0.57
PTF11dtd	0.040	II	10.25	0.03	0.80	0.07	7.75	0.03	-1.70	0.07	9.01	0.06
PTF11ecp	0.034	II	10.00	0.03	0.60	0.07	8.05	0.03	-1.35	0.07	6.36	0.04
PTF11ekj	0.043	II	9.92	0.12	-0.35	0.15	10.10	0.12	-0.18	0.15	0.43	0.08
PTF11emc	0.082	II	9.22	0.09	-0.38	0.18	7.68	0.09	-1.92	0.18	3.97	0.23
PTF11epi	0.032	II	11.00	0.03	0.10	0.07	8.48	0.03	-2.42	0.07	11.21	0.06
PTF11ftr	0.018	II	7.80	0.32	-0.84	0.36	7.31	0.32	-1.33	0.36	0.84	0.01
PTF11fuu	0.097	IIn	10.34	0.05	0.47	0.09	8.56	0.05	-1.30	0.09	4.02	0.08
PTF11fuv	0.030	II	11.15	0.03	1.20	0.07	8.76	0.03	-1.19	0.07	7.24	0.04
PTF11gdz	0.013	II	10.39	0.04	0.38	0.08	9.40	0.04	-0.61	0.08	1.29	0.01
PTF11hyg	0.030	Ic	10.84	0.04	1.02	0.07	8.32	0.04	-1.50	0.07	7.81	0.03
PTF11iqb	0.013	IIn	11.59	0.32	1.58	0.35	9.34	0.32	-0.68	0.35	5.93	0.03
PTF11ixk	0.021	Ic	10.26	0.04	0.60	0.07	8.19	0.04	-1.46	0.07	5.48	0.02
PTF11izq	0.062	Ib	9.23	0.09	-0.33	0.17	7.24	0.09	-2.31	0.17	4.66	0.18
PTF11jgp	0.070	II	9.91	0.04	0.54	0.10	7.95	0.04	-1.42	0.10	4.78	0.07
PTF11kjk	0.067	II	9.12	0.10	-0.17	0.20	7.44	0.10	-1.85	0.20	5.67	0.25
PTF11klg	0.027	Ic	10.62	0.19	0.44	0.22	8.56	0.19	-1.62	0.22	5.15	0.04
PTF11kqn	0.066	II	11.26	0.05	1.09	0.07	8.89	0.05	-1.29	0.07	8.06	0.08
PTF11ktr	0.106	II	10.45	0.04	0.80	0.07	8.03	0.04	-1.63	0.07	8.32	0.18
PTF11mhh	0.039	II	9.96	0.15	0.22	0.15	7.95	0.15	-1.79	0.15	4.45	0.07
PTF11mmk	0.049	II	9.55	0.11	-0.16	0.14	8.10	0.11	-1.60	0.14	3.75	0.07
PTF11mpv	0.043	II	9.26	0.09	-0.14	0.12	8.18	0.09	-1.22	0.12	2.58	0.04
PTF11pdj	0.024	II	10.85	0.03	-0.20	0.07	8.96	0.03	-2.09	0.07	9.74	0.07
PTF11qcc	0.043	II	9.73	0.12	-0.11	0.15	8.19	0.12	-1.65	0.15	6.11	0.12
PTF11qcm	0.050	II	10.60	0.19	0.61	0.19	8.43	0.19	-1.57	0.19	7.71	0.05
PTF11qgw	0.027	II	8.98	0.19	-0.27	0.29	7.16	0.19	-2.09	0.29	6.88	0.10
PTF11qju	0.028	II	9.12	0.18	-0.41	0.23	10.24	0.18	0.71	0.23	0.15	0.34
PTF12boj	0.037	II	10.58	0.16	0.57	0.17	8.53	0.16	-1.48	0.17	4.47	0.02
PTF12bpy	0.060	II	9.36	0.14	-0.15	0.22	8.70	0.14	-0.80	0.22	0.96	0.04
PTF12bwq	0.040	Ib	9.53	0.22	-0.11	0.27	7.07	0.22	-2.57	0.27	9.62	0.21
PTF12cdc	0.070	II	10.78	0.11	0.77	0.14	7.77	0.11	-2.25	0.14	15.31	0.16
PTF12cde	0.013	Ib/c	8.36	0.32	-1.17	0.38	7.03	0.32	-2.50	0.38	3.61	0.12
PTF12cgb	0.026	II	9.27	0.04	-0.14	0.12	7.99	0.04	-1.42	0.12	2.61	0.01
PTF12dke	0.067	II	9.91	0.08	0.46	0.15	7.40	0.08	-2.05	0.15	11.27	0.20
PTF12eje	0.078	II	9.92	0.07	0.49	0.18	7.82	0.07	-1.61	0.18	5.60	0.07
PTF12fes	0.036	Ib	10.55	0.04	0.99	0.07	7.98	0.04	-1.58	0.07	8.51	0.07
PTF12gcx	0.045	II	9.74	0.04	0.48	0.08	7.42	0.04	-1.84	0.08	7.16	0.09
PTF12gvr	0.056	Ib/c	10.60	0.03	1.08	0.08	8.07	0.03	-1.46	0.08	9.24	0.04
PTF12gzk	0.014	12gzk	7.47	0.11	-1.46	0.38	7.43	0.11	-1.50	0.38	0.54	0.05
PTF12jje	0.042	II	10.01	0.12	0.27	0.16	7.89	0.12	-1.84	0.16	5.37	0.08
PTF12ne		0.033	II	9.91	0.13	-0.06	0.17	8.62	0.13	-1.35	0.17	1.82	0.02
PTF13bvn	0.004	Ib	11.10	0.03	1.00	0.07	9.66	0.03	-0.44	0.07	2.68	0.02
PTF13c		0.011	II	9.04	0.04	-0.70	0.07	8.00	0.04	-1.74	0.07	1.56	0.01
PTF13cab	0.030	Ib	9.32	0.30	-0.28	0.37	7.72	0.30	-1.88	0.37	4.39	0.06
PTF13cac	0.030	II	8.91	0.31	-0.87	0.37	7.38	0.31	-2.40	0.37	3.97	0.13
PTF13cbf	0.039	Ic	9.40	0.03	-0.00	0.07	7.72	0.03	-1.68	0.07	5.78	0.06
PTF13d		0.024	II	10.25	0.04	0.60	0.07	8.07	0.04	-1.58	0.07	6.27	0.02
SN1999ap	0.040	II	9.35	0.12	-0.04	0.18	7.33	0.12	-2.06	0.18	5.25	0.10
SN1999bc	0.021	Ic	10.46	0.04	0.62	0.08	8.18	0.04	-1.66	0.08	6.74	0.03
SN1999bd	0.151	II	9.66	0.09	0.07	0.16	8.58	0.09	-1.01	0.16	2.86	0.28
SN2001bk	0.043	II	8.82	0.13	-0.79	0.19	7.58	0.13	-2.02	0.19	3.13	0.15
SN2001fb	0.032	II	9.95	0.03	0.60	0.07	8.53	0.03	-0.82	0.07	3.46	0.02
SN2001ij	0.038	IIP	10.20	0.03	0.40	0.07	8.22	0.03	-1.59	0.07	5.55	0.04
SN2002dg	0.047	Ib	9.10	0.11	0.06	0.16	7.10	0.11	-1.94	0.16	4.31	0.07
SN2002ew	0.030	II	9.36	0.04	-0.08	0.11	7.95	0.04	-1.49	0.11	2.76	0.02
SN2002fa	0.060	II	10.12	0.09	0.59	0.20	7.43	0.09	-2.10	0.20	9.16	0.11
SN2002fu	0.091	II	9.86	0.07	0.25	0.14	7.90	0.07	-1.72	0.14	9.06	0.21
SN2002hj	0.024	II	9.60	0.20	-0.02	0.26	7.75	0.20	-1.87	0.26	4.04	0.05
SN2002ik	0.032	IIP	10.55	0.03	0.70	0.07	8.52	0.03	-1.33	0.07	5.92	0.03
SN2002in	0.076	II	9.11	0.09	-0.48	0.19	7.64	0.09	-1.96	0.19	4.15	0.33
SN2002ip	0.079	II	8.90	0.10	-0.61	0.19	6.76	0.10	-2.75	0.19	5.55	0.80
SN2002iq	0.056	II	9.38	0.06	0.13	0.14	7.81	0.06	-1.44	0.14	3.98	0.18
SN2002jl	0.064	II	8.01	0.23	-1.23	0.22	7.30	0.23	-1.93	0.22	1.37	0.33
SN2003cv	0.028	IIpec	8.31	0.20	-0.96	0.27	7.40	0.20	-1.86	0.27	1.90	0.05
SN2003dq	0.046	II	9.01	0.12	-0.43	0.16	7.59	0.12	-1.85	0.16	2.95	0.12
SN2003kj	0.100	II	8.77	0.18	-0.79	0.18	7.14	0.18	-2.43	0.18	3.04	0.78
SN2004cm	0.004	IIP	9.65	0.03	0.00	0.07	8.51	0.03	-1.14	0.07	1.75	0.01
SN2004gy	0.027	II	8.26	0.20	-1.02	0.26	7.44	0.20	-1.83	0.26	1.63	0.05
SN2004ht	0.067	II	10.30	0.07	0.60	0.09	7.97	0.07	-1.72	0.09	7.58	0.09
SN2004hv	0.061	II	8.82	0.13	-0.70	0.19	6.90	0.13	-2.62	0.19	5.27	0.98
SN2004hx	0.014	II	8.69	0.31	-1.11	0.35	7.72	0.31	-2.08	0.35	1.63	0.02
SN2004ic	0.093	II	10.92	0.06	1.03	0.08	7.80	0.06	-2.09	0.08	15.04	0.30
SN2005bn	0.028	II	9.14	0.20	-0.44	0.28	8.30	0.20	-1.28	0.28	1.38	0.01
SN2005fq	0.140	II	8.83	0.14	-0.54	0.18	7.46	0.14	-1.91	0.18	3.35	1.08
SN2005gi	0.050	II	9.12	0.14	-0.39	0.16	7.10	0.14	-2.41	0.16	4.74	0.26
SN2005hl	0.020	Ib	10.40	0.04	0.40	0.07	8.91	0.04	-1.09	0.07	2.94	0.01
SN2005hm	0.030	Ib	8.61	0.30	-1.53	0.34	8.28	0.30	-1.87	0.34	0.94	0.19
SN2005kb	0.015	II	9.35	0.31	-0.43	0.39	8.19	0.31	-1.59	0.39	4.32	0.05
SN2005kr	0.130	Ic-BL	8.63	0.16	-0.62	0.20	8.36	0.16	-0.88	0.20	0.57	0.30
SN2005ks	0.100	Ic-BL	9.88	0.08	0.27	0.14	8.44	0.08	-1.17	0.14	3.70	0.08
SN2005lb	0.030	II	8.75	0.30	-0.94	0.32	7.47	0.30	-2.22	0.32	3.95	0.37
SN2005lc	0.010	II	8.21	0.33	-1.34	0.39	7.41	0.33	-2.13	0.39	1.32	0.06
SN2005lm	0.080	II	9.23	0.08	-0.24	0.16	8.01	0.08	-1.46	0.16	1.83	0.07
SN2005mk	0.150	II	9.44	0.09	-0.16	0.17	7.50	0.09	-2.09	0.17	4.13	0.64
SN2005mn	0.050	Ib	9.61	0.16	0.17	0.22	7.46	0.16	-1.97	0.22	11.24	0.26
SN2006L		0.039	IIn	8.28	0.16	-1.19	0.19	7.63	0.16	-1.84	0.19	1.18	0.08
SN2006M		0.015	IIn	9.05	0.03	-0.42	0.08	7.73	0.03	-1.74	0.08	1.93	0.01
SN2006ad	0.030	II	8.97	0.05	-1.27	0.10	11.66	0.05	1.42	0.10	0.02	0.02
SN2006ag	0.035	IIn	8.05	0.16	-0.63	0.18	6.91	0.16	-1.77	0.18	1.74	0.08
SN2006aj	0.033	Ic-BL	8.08	0.17	-1.31	0.25	8.01	0.17	-1.38	0.25	0.46	0.10
SN2006bj	0.038	II	9.38	0.15	-0.08	0.19	7.32	0.15	-2.15	0.19	4.80	0.07
SN2006cu	0.029	IIn	10.15	0.03	0.50	0.07	7.79	0.03	-1.86	0.07	7.15	0.02
SN2006cv	0.100	IIn	10.33	0.05	-0.60	0.07	8.61	0.05	-2.32	0.07	3.18	0.22
SN2006cw	0.065	II	10.02	0.06	0.50	0.09	7.82	0.06	-1.70	0.09	6.72	0.11
SN2006cy	0.036	IIn	10.21	0.04	0.69	0.08	7.88	0.04	-1.63	0.08	6.07	0.03
SN2006db	0.023	IIn	8.69	0.19	-0.59	0.24	7.40	0.19	-1.88	0.24	2.39	0.04
SN2006fg	0.030	II	7.99	0.30	-1.53	0.32	8.17	0.30	-1.35	0.32	0.34	0.03
SN2006fo	0.021	Ib	10.25	0.03	0.50	0.07	8.53	0.03	-1.22	0.07	3.18	0.01
SN2006fq	0.070	IIP	9.96	0.04	0.50	0.07	8.13	0.04	-1.34	0.07	4.61	0.04
SN2006gd	0.150	IIP	10.97	0.07	0.86	0.16	8.23	0.07	-1.89	0.16	15.45	0.42
SN2006gy	0.019	IIn	11.17	0.32	0.54	0.35	9.36	0.32	-1.27	0.35	4.74	0.03
SN2006ho	0.110	II	11.25	0.03	0.80	0.07	9.01	0.03	-1.44	0.07	6.09	0.09
SN2006ic	0.040	II	10.45	0.04	0.70	0.07	8.17	0.04	-1.58	0.07	5.95	0.04
SN2006ih	0.130	II	8.95	0.18	-0.30	0.20	9.55	0.18	0.30	0.20	0.24	0.09
SN2006ii	0.030	II	9.44	0.30	-0.32	0.31	7.51	0.30	-2.25	0.31	4.11	0.07
SN2006ij	0.040	II	9.81	0.11	0.28	0.16	7.74	0.11	-1.79	0.16	6.70	0.06
SN2006ip	0.030	Ic	9.64	0.19	0.15	0.19	7.87	0.19	-1.61	0.19	3.61	0.03
SN2006ir	0.020	Ic	8.77	0.32	-0.85	0.35	7.11	0.32	-2.51	0.35	3.49	0.05
SN2006iw	0.030	II	9.67	0.29	-0.02	0.31	8.06	0.29	-1.63	0.31	4.19	0.09
SN2006ix	0.080	II	9.65	0.11	-0.02	0.19	7.79	0.11	-1.88	0.19	7.91	0.23
SN2006kh	0.060	II	9.46	0.08	-0.23	0.13	8.97	0.08	-0.72	0.13	0.81	0.02
SN2006kn	0.120	II	9.51	0.07	0.10	0.19	7.30	0.07	-2.12	0.19	10.94	0.58
SN2006lc	0.016	Ib	10.65	0.03	0.40	0.07	8.59	0.03	-1.66	0.07	5.27	0.02
SN2006lh	0.032	II	7.95	0.18	-1.41	0.22	7.71	0.18	-1.65	0.22	0.62	0.06
SN2006ls	0.140	Ipec	9.88	0.08	0.25	0.16	7.33	0.08	-2.30	0.16	11.10	0.56
SN2006lt	0.015	Ib	8.82	0.34	-1.01	0.35	9.60	0.34	-0.23	0.35	0.18	0.08
SN2006nq	0.025	II	9.38	0.19	-0.11	0.19	7.40	0.19	-2.09	0.19	4.86	0.05
SN2006ns	0.120	II	9.81	0.04	0.54	0.15	7.77	0.04	-1.50	0.15	6.99	0.14
SN2006nx	0.050	Ic-BL	8.57	0.17	-0.98	0.25	7.40	0.17	-2.16	0.25	1.79	0.20
SN2006ny	0.080	IIP	10.22	0.05	0.18	0.09	8.41	0.05	-1.63	0.09	7.10	0.15
SN2006qk	0.060	Ic-BL	9.61	0.13	-0.31	0.17	8.89	0.13	-1.03	0.17	1.71	0.05
SN2006rc	0.080	IIn	9.88	0.11	0.25	0.17	7.70	0.11	-1.93	0.17	6.60	0.15
SN2006rq	0.070	II	10.86	0.04	0.02	0.07	8.67	0.04	-2.17	0.07	8.67	0.08
SN2006ru	0.020	II	11.15	0.03	0.10	0.07	10.25	0.03	-0.80	0.07	1.63	0.00
SN2006tf	0.074	IIn	8.16	0.17	-0.97	0.21	8.84	0.17	-0.29	0.21	0.61	1.85
SN2007I		0.022	Ic-BL	8.92	0.21	-0.75	0.26	7.78	0.21	-1.88	0.26	1.92	0.05
SN2007bg	0.034	Ic-BL	7.99	0.23	-2.03	0.33	8.21	0.23	-1.81	0.33	0.39	0.16
SN2007bo	0.040	II	9.13	0.21	-0.33	0.28	7.35	0.21	-2.10	0.28	3.61	0.08
SN2007bp	0.030	II	10.80	0.14	1.00	0.22	7.99	0.14	-1.81	0.22	10.71	0.06
SN2007bt	0.040	IIn	9.65	0.22	-0.03	0.29	7.62	0.22	-2.07	0.29	4.85	0.06
SN2007bu	0.030	II	8.46	0.30	-1.26	0.34	7.67	0.30	-2.05	0.34	1.54	0.10
SN2007bv	0.050	II	11.34	0.09	1.10	0.15	8.65	0.09	-1.59	0.15	11.25	0.09
SN2007bw	0.140	IIn	9.66	0.08	0.40	0.15	7.45	0.08	-1.81	0.15	5.43	0.28
SN2007bx	0.020	II	8.16	0.48	-1.24	0.51	7.19	0.48	-2.21	0.51	2.16	0.14
SN2007by	0.040	II	10.23	0.13	0.42	0.19	8.00	0.13	-1.81	0.19	6.11	0.04
SN2007ce	0.046	Ic-BL	8.08	0.13	-0.60	0.16	8.03	0.13	-0.66	0.16	0.45	0.19
SN2007dp	0.030	II	9.14	0.28	-0.52	0.33	8.03	0.28	-1.63	0.33	1.77	0.02
SN2007dq	0.050	II	8.71	0.20	-1.01	0.28	7.14	0.20	-2.58	0.28	3.42	0.39
SN2007dw	0.050	II	10.07	0.06	0.59	0.09	7.80	0.06	-1.69	0.09	6.10	0.04
SN2007dy	0.040	Ib	9.21	0.22	-0.32	0.27	7.29	0.22	-2.24	0.27	3.71	0.12
SN2007eb	0.040	Ic-BL	8.50	0.22	-0.78	0.30	7.22	0.22	-2.06	0.30	3.31	0.16
SN2007ed	0.070	II	10.69	0.11	0.54	0.15	8.71	0.11	-1.44	0.15	4.87	0.08
SN2007eh	0.010	II	8.04	0.32	-1.32	0.39	9.05	0.32	-0.32	0.39	0.15	0.06
SN2007el	0.030	II	9.53	0.30	-0.13	0.34	7.21	0.30	-2.45	0.34	6.23	0.17
SN2007em	0.030	II	7.63	0.31	-1.54	0.36	7.00	0.31	-2.17	0.36	1.21	0.25
SN2007eq	0.030	Ib/c	8.49	0.30	-1.14	0.32	7.47	0.30	-2.17	0.32	2.80	0.16
SN2007er	0.070	II	9.62	0.12	0.08	0.16	7.32	0.12	-2.22	0.16	6.69	0.19
SN2007es	0.030	II	10.94	0.04	0.99	0.08	8.56	0.04	-1.39	0.08	7.46	0.08
SN2007et	0.040	II	10.00	0.04	0.41	0.08	7.71	0.04	-1.89	0.08	6.38	0.03
SN2007eu	0.040	II	9.33	0.05	-0.03	0.13	7.40	0.05	-1.96	0.13	3.92	0.06
SN2007ew	0.030	II	9.38	0.30	-0.40	0.36	7.54	0.30	-2.24	0.36	4.78	0.14
SN2007fa	0.060	II	11.07	0.09	1.05	0.10	8.54	0.09	-1.48	0.10	8.70	0.10
SN2007fe	0.030	II	9.39	0.21	-0.38	0.23	7.89	0.21	-1.88	0.23	2.63	0.02
SN2007ff	0.050	Ic	10.45	0.13	0.64	0.18	8.09	0.13	-1.72	0.18	6.45	0.06
SN2007fg	0.030	II	8.87	0.20	-0.35	0.29	7.12	0.20	-2.10	0.29	3.81	0.08
SN2007fk	0.040	IIn	8.61	0.22	-1.05	0.41	7.04	0.22	-2.62	0.41	3.64	0.20
SN2007fw	0.050	IIn	9.05	0.18	-0.52	0.22	7.74	0.18	-1.83	0.22	3.91	0.15
SN2007fy	0.050	II	9.96	0.04	0.61	0.07	8.00	0.04	-1.35	0.07	5.62	0.04
SN2007fz	0.014	II	8.44	0.31	-1.22	0.32	7.85	0.31	-1.81	0.32	1.54	0.01
SN2007gh	0.020	II	9.45	0.30	-0.30	0.33	8.70	0.30	-1.05	0.33	1.10	0.01
SN2007gl	0.030	Ic	9.90	0.17	0.20	0.17	7.39	0.17	-2.31	0.17	7.37	0.07
SN2007gm	0.030	II	9.13	0.31	-0.51	0.43	8.05	0.31	-1.59	0.43	1.48	0.03
SN2007gs	0.040	II	9.57	0.13	-0.01	0.12	7.40	0.13	-2.18	0.12	6.47	0.12
SN2007gy	0.040	IIn	9.34	0.22	-0.22	0.23	7.26	0.22	-2.29	0.23	4.40	0.18
SN2007gz	0.050	II	9.80	0.18	0.01	0.19	9.01	0.18	-0.78	0.19	1.01	0.01
SN2007hb	0.022	Ic	10.55	0.03	0.80	0.07	8.51	0.03	-1.24	0.07	4.87	0.01
SN2007hi	0.070	II	8.11	0.35	-1.49	0.26	10.20	0.35	0.59	0.26	0.06	0.12
SN2007hn	0.030	Ic	9.86	0.30	-0.03	0.30	8.29	0.30	-1.60	0.30	3.30	0.04
SN2007hs	0.070	II	8.68	0.20	-1.11	0.28	7.65	0.20	-2.15	0.28	2.50	0.75
SN2007hw	0.080	II	10.85	0.03	1.00	0.07	8.55	0.03	-1.30	0.07	7.15	0.06
SN2007ib	0.030	II	9.52	0.18	-0.02	0.30	7.69	0.18	-1.86	0.30	4.31	0.03
SN2007iu	0.090	II	9.31	0.13	-0.35	0.15	6.59	0.13	-3.07	0.15	9.77	0.24
SN2007ja	0.090	IIP	10.65	0.03	1.00	0.07	8.22	0.03	-1.43	0.07	7.78	0.08
SN2007jf	0.070	IIP	9.65	0.13	-0.03	0.21	7.78	0.13	-1.90	0.21	5.06	0.19
SN2007jm	0.090	IIn	9.77	0.10	0.10	0.16	8.34	0.10	-1.34	0.16	4.36	0.19
SN2007jn	0.060	II	8.99	0.14	-0.38	0.21	7.54	0.14	-1.84	0.21	4.79	0.24
SN2007kw	0.070	II	10.82	0.06	0.72	0.08	8.67	0.06	-1.44	0.08	6.24	0.07
SN2007ky	0.070	II	10.85	0.03	0.90	0.07	8.02	0.03	-1.93	0.07	14.62	0.12
SN2007kz	0.130	II	11.20	0.05	1.36	0.09	8.14	0.05	-1.70	0.09	16.25	0.21
SN2007ld	0.030	II	7.96	0.30	-1.35	0.34	6.54	0.30	-2.77	0.34	2.72	0.43
SN2007lj	0.040	II	8.06	0.24	-1.27	0.28	8.43	0.24	-0.90	0.28	0.51	0.90
SN2007lz	0.090	II	9.30	0.12	-0.39	0.20	7.18	0.12	-2.51	0.20	5.65	0.49
SN2007md	0.050	II	10.93	0.10	0.97	0.14	8.57	0.10	-1.40	0.14	9.00	0.04
SN2007ms	0.040	IIpec	8.50	0.22	-0.57	0.27	7.70	0.22	-1.37	0.27	1.70	0.09
SN2007nm	0.046	Ic	8.47	0.22	-1.72	0.35	8.87	0.22	-1.32	0.35	0.36	0.22
SN2007nr	0.140	IIP	9.46	0.07	0.00	0.18	7.67	0.07	-1.79	0.18	3.54	0.26
SN2007nw	0.060	IIP	10.26	0.05	0.42	0.08	8.19	0.05	-1.65	0.08	5.68	0.09
SN2007ny	0.140	IIP	9.11	0.18	-0.66	0.24	7.52	0.18	-2.25	0.24	6.39	3.82
SN2007qb	0.080	II	10.27	0.07	0.73	0.15	7.53	0.07	-2.01	0.15	10.93	0.18
SN2007qv	0.100	II	10.51	0.10	0.57	0.12	8.32	0.10	-1.63	0.12	6.88	0.17
SN2007qw	0.150	Ic-BL	9.40	0.05	0.13	0.13	8.31	0.05	-0.96	0.13	1.84	0.22
SN2007qx	0.060	Ib	10.03	0.11	0.34	0.15	7.90	0.11	-1.80	0.15	6.87	0.08
SN2007sd	0.090	IIP	8.95	0.11	-0.48	0.19	7.38	0.11	-2.06	0.19	4.73	0.61
SN2007sj	0.040	Ib/c	10.45	0.03	0.80	0.07	8.01	0.03	-1.64	0.07	7.09	0.03
SN2007sx	0.120	II	10.96	0.04	1.05	0.10	7.84	0.04	-2.07	0.10	16.58	0.29
SN2007sz	0.020	II	8.56	0.31	-0.98	0.31	7.21	0.31	-2.34	0.31	2.20	0.04
SN2007tn	0.050	II	10.27	0.16	0.36	0.16	8.18	0.16	-1.73	0.16	4.56	0.06
SN2008bj	0.019	II	8.54	0.28	-0.95	0.28	6.92	0.28	-2.57	0.28	3.24	0.04
SN2008fm	0.039	IIn	11.29	0.13	1.28	0.14	8.30	0.13	-1.71	0.14	17.13	0.10
SN2008fn	0.030	Ib/c	9.86	0.20	-0.56	0.30	8.33	0.20	-2.09	0.30	2.63	0.03
SN2008fo	0.030	Ic	9.50	0.04	-0.07	0.09	7.70	0.04	-1.87	0.09	4.20	0.02
SN2008fs	0.039	Ib/c	10.19	0.05	0.25	0.11	8.29	0.05	-1.65	0.11	4.15	0.04
SN2008fz	0.133	IIn	9.93	0.05	1.25	0.10	13.12	0.05	4.44	0.10	0.01	0.08
SN2008gd	0.059	II	9.89	0.09	0.47	0.14	7.42	0.09	-2.00	0.14	7.67	0.10
SN2008iu	0.130	Ic-BL	8.22	0.28	-0.72	0.23	8.26	0.28	-0.68	0.23	0.63	1.21
SN2008iy	0.041	IIn	10.20	0.03	-0.10	0.07	18.89	0.03	8.59	0.07	0.00	0.00
SN2008ja	0.069	IIn	8.38	0.20	-1.21	0.21	7.85	0.20	-1.74	0.21	1.35	0.37
SN2009W		0.017	IIP	8.92	0.32	-0.69	0.34	7.23	0.32	-2.39	0.34	3.06	0.12
SN2009bh	0.090	Ic	10.83	0.10	0.86	0.12	8.23	0.10	-1.74	0.12	8.95	0.11
SN2009bj	0.027	II	9.01	0.23	-1.16	0.46	8.45	0.23	-1.72	0.46	1.49	0.02
SN2009bk	0.039	II	9.60	0.03	0.33	0.09	7.69	0.03	-1.58	0.09	5.14	0.04
SN2009bl	0.040	II	9.55	0.04	0.18	0.08	7.84	0.04	-1.53	0.08	2.98	0.02
SN2009ct	0.060	II	10.47	0.06	0.69	0.09	8.15	0.06	-1.64	0.09	6.98	0.06
SN2009dh	0.060	IIP	7.99	0.19	-1.54	0.25	7.80	0.19	-1.73	0.25	0.61	0.33
SN2009di	0.130	Ic	8.57	0.24	-0.47	0.22	6.98	0.24	-2.07	0.22	3.54	1.26
SN2009dw	0.042	IIP	7.97	0.27	-1.45	0.23	6.35	0.27	-3.07	0.23	3.51	1.06
SN2009fe	0.047	II	10.80	0.03	-0.09	0.08	9.59	0.03	-1.30	0.08	1.82	0.02
SN2009jd	0.025	II	9.40	0.19	-0.08	0.20	7.16	0.19	-2.31	0.20	5.67	0.07
SN2009kf	0.182	IIP	9.66	0.09	0.14	0.19	7.98	0.09	-1.54	0.19	4.10	0.55
SN2009lx	0.027	IIP	10.45	0.03	0.51	0.07	8.37	0.03	-1.57	0.07	4.79	0.03
SN2009nn	0.046	IIn	9.76	0.05	0.21	0.08	7.79	0.05	-1.76	0.08	5.20	0.06
SN2009nu	0.040	II	9.24	0.22	-0.56	0.29	7.02	0.22	-2.77	0.29	5.84	0.28
SN2010K		0.020	II	8.36	0.47	-1.10	0.50	6.98	0.47	-2.48	0.50	2.42	0.14
SN2010Q		0.055	Ic	7.46	0.20	-1.18	0.22	6.80	0.20	-1.83	0.22	1.03	0.40
SN2010ah	0.050	Ic-BL	8.82	0.13	-0.85	0.20	7.67	0.13	-2.00	0.20	4.43	0.27
SN2010ay	0.067	Ic-BL	8.58	0.09	0.03	0.11	8.92	0.09	0.37	0.11	0.34	0.02
SN2010gq	0.018	II	10.50	0.03	0.50	0.07	8.63	0.03	-1.38	0.07	4.64	0.02
SN2010jc	0.024	IIP	10.75	0.03	0.70	0.07	7.92	0.03	-2.13	0.07	11.07	0.08
SN2010jy	0.042	IIn	9.11	0.12	-0.50	0.18	7.58	0.12	-2.04	0.18	2.73	0.11
SN2010mb	0.133	Ic	9.63	0.07	0.14	0.16	7.56	0.07	-1.93	0.16	8.76	0.32
SN2011ak	0.027	IIP	10.45	0.03	0.50	0.07	7.95	0.03	-2.00	0.07	7.73	0.05
SN2011an	0.016	IIn	9.61	0.04	-0.02	0.07	7.23	0.04	-2.39	0.07	7.18	0.04
SN2011bm	0.022	Ic	9.45	0.03	0.10	0.07	7.88	0.03	-1.47	0.07	2.67	0.01
SN2011bn	0.031	II	11.20	0.03	1.20	0.07	8.80	0.03	-1.20	0.07	8.83	0.06
SN2011bs	0.036	II	7.44	0.28	-2.12	0.26	8.43	0.28	-1.12	0.26	0.56	0.18
SN2011cq	0.017	IIpec	9.69	0.31	0.13	0.34	7.41	0.31	-2.15	0.34	5.51	0.03
SN2011cz	0.060	IIP	8.24	0.22	-1.24	0.25	7.32	0.22	-2.16	0.25	3.03	2.16
SN2011db	0.025	II	9.68	0.19	0.14	0.27	7.50	0.19	-2.04	0.27	5.19	0.03
SN2011en	0.020	IIP	8.70	0.46	-0.48	0.42	7.29	0.46	-1.89	0.42	2.46	0.05
SN2011eo	0.030	IIP	8.02	0.30	-1.57	0.33	7.80	0.30	-1.78	0.33	0.62	0.07
SN2011eu	0.110	IIn	9.54	0.15	-0.38	0.34	9.76	0.15	-0.17	0.34	1.39	0.98
SN2011ev	0.030	IIP	8.99	0.27	-0.23	0.33	7.08	0.27	-2.14	0.33	7.65	0.11
SN2011ew	0.070	IIP	10.19	0.04	-0.80	0.07	9.92	0.04	-1.07	0.07	0.98	0.78
SN2011fa	0.060	IIP	7.85	0.23	-1.61	0.25	7.69	0.23	-1.76	0.25	0.57	0.25
SN2011fz	0.016	Ib/c	10.55	0.03	0.60	0.07	8.00	0.03	-1.95	0.07	7.92	0.06
SN2011hn	0.014	IIP	10.02	0.31	0.15	0.33	8.20	0.31	-1.67	0.33	6.02	0.02
SN2011iw	0.023	IIn	7.92	0.22	-1.64	0.23	7.97	0.22	-1.59	0.23	0.48	0.05
SN2011jb	0.084	IIn	9.20	0.09	-0.46	0.18	8.48	0.09	-1.18	0.18	1.24	0.11
SN2011jj	0.045	IIP	10.99	0.04	1.10	0.07	8.05	0.04	-1.84	0.07	13.98	0.09
SN2011ke	0.143	Ic	8.91	0.15	-0.42	0.19	6.86	0.15	-2.47	0.19	6.77	1.61
SN2012D		0.026	IIP	9.60	0.04	0.01	0.07	8.12	0.04	-1.48	0.07	2.57	0.01
SN2012F		0.030	Ib	7.86	0.30	-1.63	0.36	7.74	0.30	-1.75	0.36	0.64	0.06
SN2012W		0.018	II	10.05	0.03	0.30	0.07	7.70	0.03	-2.05	0.07	7.34	0.03
SN2012al	0.040	IIn	9.77	0.17	0.01	0.26	7.62	0.17	-2.13	0.26	6.66	0.11
SN2012bg	0.033	IIP	8.29	0.16	-1.30	0.20	7.95	0.16	-1.64	0.20	0.89	0.06
SN2012br	0.019	IIP	7.40	0.34	-1.96	0.37	7.13	0.34	-2.23	0.37	0.72	0.05
SN2012ch	0.009	IIP	8.30	0.04	-1.20	0.07	7.72	0.04	-1.78	0.07	1.52	0.02
SN2012cr	0.010	II	9.95	0.03	0.00	0.07	8.45	0.03	-1.50	0.07	3.82	0.01
SN2012cz	0.036	IIn	10.35	0.03	0.30	0.07	8.66	0.03	-1.39	0.07	4.85	0.02
SN2012dp	0.036	Ib	10.59	0.04	0.82	0.12	8.00	0.04	-1.76	0.12	8.58	0.07
SN2012ed	0.015	II	7.32	0.17	-2.01	0.42	7.32	0.17	-2.01	0.42	0.80	0.12
SN2012ex	0.023	Ib	10.45	0.03	0.70	0.07	8.48	0.03	-1.27	0.07	4.07	0.01
SN2012fc	0.023	IIP	9.80	0.03	0.29	0.07	8.19	0.03	-1.32	0.07	3.82	0.02
SN2012hw	0.038	IIP	9.90	0.11	0.19	0.15	7.49	0.11	-2.22	0.15	6.59	0.05
SN2012il	0.175	Ic	9.03	0.16	-0.59	0.20	8.18	0.16	-1.44	0.20	1.93	0.63
SN2013aw	0.027	II	9.45	0.19	-0.30	0.24	7.80	0.19	-1.95	0.24	6.63	0.06
SN2013br	0.074	II	9.15	0.10	-0.47	0.19	8.14	0.10	-1.48	0.19	1.73	0.22
SN2013bw	0.038	IIP	10.60	0.03	1.10	0.07	8.15	0.03	-1.35	0.07	7.61	0.03
SN2013dn	0.056	IIn	10.70	0.03	1.20	0.07	8.59	0.03	-0.91	0.07	5.50	0.06